4.800000000000003638e+03 2.771842858868038214e-17
4.803504673004154029e+03 5.343608594660730180e-17
4.807009346008304419e+03 1.967819531522902073e-16
4.810514019012454810e+03 1.661435935449098885e-16
4.814018692016605200e+03 4.931170054669135178e-17
4.817523365020755591e+03 2.719978634460963379e-17
4.821028038024905982e+03 8.218104898418844150e-17
4.824532711029056372e+03 3.284297461084644898e-17
4.828037384033206763e+03 6.199344143703578412e-17
4.831542057037357154e+03 9.411628584148336806e-17
4.835046730041507544e+03 1.300871876904174376e-16
4.838551403045657935e+03 9.887651174337902960e-17
4.842056076049808325e+03 1.341107348105794982e-17
4.845560749053958716e+03 2.964161027797637064e-17
4.849065422058109107e+03 9.880544038514847346e-17
4.852570095062259497e+03 1.492397011236906387e-16
4.856074768066409888e+03 5.696964270475622584e-17
4.859579441070560279e+03 5.845265842905559683e-17
4.863084114074710669e+03 4.878170607589392568e-17
4.866588787078861060e+03 7.347573404323137400e-17
4.870093460083011450e+03 9.396222510675659176e-17
4.873598133087161841e+03 1.105453170340930762e-16
4.877102806091312232e+03 8.437176073591878041e-17
4.880607479095462622e+03 -1.648861962957680311e-17
4.884112152099613013e+03 -5.848547433831680054e-17
4.887616825103763404e+03 3.764905278845714996e-17
4.891121498107913794e+03 7.513417823184099110e-17
4.894626171112064185e+03 1.092551535065267683e-16
4.898130844116214575e+03 5.435595049243567112e-17
4.901635517120364966e+03 4.382831695735488111e-17
4.905140190124515357e+03 5.310629565382731009e-17
4.908644863128665747e+03 3.552807236236503127e-17
4.912149536132816138e+03 1.050555178319256442e-16
4.915654209136966529e+03 1.087986623049608042e-16
4.919158882141116919e+03 3.878081453744200327e-17
4.922663555145267310e+03 3.710934059982345088e-17
4.926168228149417700e+03 8.176988066274548292e-17
4.929672901153568091e+03 1.268539305818497647e-16
4.933177574157718482e+03 4.748262223260184592e-17
4.936682247161868872e+03 3.336234808257869421e-17
4.940186920166019263e+03 8.993054018372823445e-17
4.943691593170169654e+03 8.143639452698860429e-17
4.947196266174320044e+03 4.603904317118655309e-17
4.950700939178470435e+03 6.819887760051469307e-17
4.954205612182620825e+03 7.519445653743895533e-17
4.957710285186771216e+03 1.824810227564854743e-17
4.961214958190921607e+03 -4.857647512129400653e-18
4.964719631195071997e+03 9.740911318904465978e-17
4.968224304199222388e+03 1.232335264768276732e-16
4.971728977203372779e+03 1.137389488825970088e-16
4.975233650207523169e+03 1.275661264718130211e-16
4.978738323211673560e+03 1.072457001880639492e-16
4.982242996215823950e+03 9.222978464927043102e-17
4.985747669219974341e+03 6.568362649853284906e-17
4.989252342224124732e+03 9.934313425308754315e-17
4.992757015228275122e+03 9.568779665643611216e-17
4.996261688232425513e+03 4.254207426589207456e-17
4.999766361236575904e+03 7.831635528322228941e-17
5.003271034240726294e+03 1.020452752339471680e-16
5.006775707244876685e+03 3.243309338243662292e-17
5.010280380249027075e+03 2.018282478885087577e-17
5.013785053253177466e+03 7.564740740598319244e-17
5.017289726257327857e+03 7.314903740594233062e-17
5.020794399261478247e+03 8.498321926216287890e-17
5.024299072265628638e+03 1.203468646623646193e-16
5.027803745269779029e+03 1.384124230660737395e-16
5.031308418273929419e+03 7.356908633844165850e-17
5.034813091278079810e+03 6.357129838164803505e-17
5.038317764282230200e+03 1.337393952356309679e-16
5.041822437286380591e+03 1.410219595229968278e-16
5.045327110290530982e+03 1.541781281993098241e-16
5.048831783294681372e+03 1.119845186557067384e-16
5.052336456298831763e+03 4.633703994994245662e-17
5.055841129302982154e+03 5.248510286613468758e-17
5.059345802307132544e+03 9.753160209415151212e-17
5.062850475311282935e+03 1.224014489550483316e-16
5.066355148315433325e+03 1.233290294416305955e-16
5.069859821319583716e+03 1.226417945538317393e-16
5.073364494323734107e+03 1.728229380249326780e-16
5.076869167327884497e+03 1.238871579794221752e-16
5.080373840332034888e+03 5.029617451580501298e-17
5.083878513336185279e+03 5.515501358160679627e-17
5.087383186340335669e+03 7.151288738920224273e-17
5.090887859344486060e+03 6.026860442374021081e-17
5.094392532348636450e+03 6.155764960311834702e-17
5.097897205352786841e+03 6.197960435974899708e-17
5.101401878356937232e+03 8.418529437351462670e-17
5.104906551361087622e+03 8.020429246097861850e-17
5.108411224365238013e+03 1.218110272861426817e-16
5.111915897369388404e+03 8.276431719515673279e-17
5.115420570373538794e+03 4.646894878786506284e-17
5.118925243377689185e+03 7.724875627999194935e-17
5.122429916381839575e+03 1.051952716507777033e-16
5.125934589385989966e+03 1.273019183667186837e-16
5.129439262390140357e+03 1.147342787700698159e-16
5.132943935394290747e+03 6.476158481333224018e-17
5.136448608398441138e+03 5.091127594546679500e-17
5.139953281402591529e+03 7.132206013060870945e-17
5.143457954406741919e+03 1.226297243343333655e-16
5.146962627410892310e+03 4.990920949908535600e-17
5.150467300415042700e+03 5.822380733206422598e-17
5.153971973419193091e+03 1.174381932261627545e-16
5.157476646423343482e+03 9.673745576654140216e-17
5.160981319427493872e+03 7.332119023502686674e-17
5.164485992431644263e+03 4.057319250211375639e-17
5.167990665435794654e+03 5.687679995280327402e-17
5.171495338439945044e+03 9.577507413722780721e-17
5.175000011444095435e+03 7.056284729462793896e-17
5.178504684448245825e+03 5.058185043933693918e-18
5.182009357452396216e+03 1.135034075488113091e-17
5.185514030456546607e+03 4.681819767737475197e-17
5.189018703460696997e+03 4.545431912234016846e-17
5.192523376464847388e+03 1.479761761205709885e-17
5.196028049468997779e+03 4.351630773902232928e-17
5.199532722473148169e+03 9.597595991206998530e-17
5.203037395477298560e+03 7.548457193931845362e-17
5.206542068481448950e+03 3.582449749795708406e-17
5.210046741485599341e+03 5.825087929915186147e-17
5.213551414489749732e+03 1.059062300785445804e-16
5.217056087493900122e+03 8.317772221297603475e-17
5.220560760498050513e+03 4.488419315694411966e-17
5.224065433502200904e+03 6.656404445530978960e-17
5.227570106506351294e+03 5.413866999785269202e-17
5.231074779510501685e+03 4.324581636999503902e-17
5.234579452514652075e+03 7.251076499296171319e-17
5.238084125518802466e+03 4.972097297017033881e-17
5.241588798522952857e+03 1.725183271099988005e-17
5.245093471527103247e+03 2.813461293335786228e-18
5.248598144531253638e+03 4.731893311554495238e-17
5.252102817535404029e+03 3.518103039072963362e-17
5.255607490539554419e+03 2.762928995151044278e-17
5.259112163543704810e+03 3.470532874661773804e-17
5.262616836547855200e+03 5.442672075692325795e-17
5.266121509552005591e+03 6.535473286953686484e-17
5.269626182556155982e+03 2.584700359031183659e-17
5.273130855560306372e+03 3.079786319053769400e-17
5.276635528564456763e+03 7.984671220833929528e-17
5.280140201568607154e+03 9.129579847602455642e-17
5.283644874572757544e+03 5.353700198133877117e-17
5.287149547576907935e+03 2.027507527948523963e-17
5.290654220581058325e+03 -2.477670466956212344e-17
5.294158893585208716e+03 3.944198000105563829e-17
5.297663566589359107e+03 8.961764753650147599e-17
5.301168239593509497e+03 5.118595284839360358e-17
5.304672912597659888e+03 7.031694304212817489e-17
5.308177585601810279e+03 9.092414291808203087e-17
5.311682258605960669e+03 7.426047036419308072e-17
5.315186931610111060e+03 7.456073030910492934e-17
5.318691604614261450e+03 1.095527797083682480e-16
5.322196277618411841e+03 1.174531354167479124e-16
5.325700950622562232e+03 8.574259091682125957e-17
5.329205623626712622e+03 8.471086508239611922e-17
5.332710296630863013e+03 1.281968351452724537e-16
5.336214969635013404e+03 1.354208615150491609e-16
5.339719642639163794e+03 6.932132198707974908e-17
5.343224315643314185e+03 4.964193751700212212e-17
5.346728988647464575e+03 4.351491807559324020e-17
5.350233661651614966e+03 6.974404436731884835e-17
5.353738334655765357e+03 1.369732876189090815e-16
5.357243007659915747e+03 1.551360298184258318e-16
5.360747680664066138e+03 1.013436143162653870e-16
5.364252353668216529e+03 7.071322211254517896e-17
5.367757026672366919e+03 3.276214252138776712e-17
5.371261699676517310e+03 8.539334202731157044e-17
5.374766372680667700e+03 1.432063913195166641e-16
5.378271045684818091e+03 1.289343361445349323e-16
5.381775718688968482e+03 1.153762635696395714e-16
5.385280391693118872e+03 1.152066055172824952e-16
5.388785064697269263e+03 9.416154916460226973e-17
5.392289737701419654e+03 1.082681020426243918e-16
5.395794410705570044e+03 1.090048288008335208e-16
5.399299083709720435e+03 9.113642393304273947e-17
5.402803756713870825e+03 5.793609406268358168e-17
5.406308429718021216e+03 8.606597221421519043e-17
5.409813102722171607e+03 9.085906696493125908e-17
5.413317775726321997e+03 1.070166240979459639e-16
5.416822448730472388e+03 1.065967869236834496e-16
5.420327121734622779e+03 1.087075400886819627e-16
5.423831794738773169e+03 9.941384165184857596e-17
5.427336467742923560e+03 1.235171634001496562e-16
5.430841140747073950e+03 1.652885270195464731e-16
5.434345813751224341e+03 1.063073332662939938e-16
5.437850486755374732e+03 5.896118259987359654e-17
5.441355159759525122e+03 1.067593444576623706e-16
5.444859832763675513e+03 1.536834344883337110e-16
5.448364505767825904e+03 1.449797077341527453e-16
5.451869178771976294e+03 1.018720768485683649e-16
5.455373851776126685e+03 1.581815897198378721e-16
5.458878524780277075e+03 1.230884720846103743e-16
5.462383197784427466e+03 1.162363593531273091e-16
5.465887870788577857e+03 1.388010391352960523e-16
5.469392543792728247e+03 1.223950300334949201e-16
5.472897216796878638e+03 9.022133056498757601e-17
5.476401889801029029e+03 1.193553464231544565e-16
5.479906562805179419e+03 1.191879250671737237e-16
5.483411235809329810e+03 1.293569658805454256e-16
5.486915908813480200e+03 1.351002860142930099e-16
5.490420581817630591e+03 1.362172445390356142e-16
5.493925254821780982e+03 1.168142608162813564e-16
5.497429927825931372e+03 1.304339947427588702e-16
5.500934600830081763e+03 9.145858762057499226e-17
5.504439273834232154e+03 7.136289638308922732e-17
5.507943946838382544e+03 1.096326853555408705e-16
5.511448619842532935e+03 1.408177981129289397e-16
5.514953292846683325e+03 1.143086976536337334e-16
5.518457965850833716e+03 1.560292790008646949e-16
5.521962638854984107e+03 1.560009563366908793e-16
5.525467311859134497e+03 9.775925543361590618e-17
5.528971984863284888e+03 3.784452880209323124e-17
5.532476657867435279e+03 1.012612072749204041e-16
5.535981330871585669e+03 1.188217421361638490e-16
5.539486003875736060e+03 1.243194756547668896e-16
5.542990676879886450e+03 1.197241895670143018e-16
5.546495349884036841e+03 7.523601409141361944e-17
5.550000022888187232e+03 9.061663025355931730e-17
5.553504695892337622e+03 1.465973950796206496e-16
5.557009368896488013e+03 1.395537734927193075e-16
5.560514041900638404e+03 1.104770382376104990e-16
5.564018714904788794e+03 1.434598129894233101e-16
5.567523387908939185e+03 1.073424604673979522e-16
5.571028060913089575e+03 9.868674989341446463e-17
5.574532733917239966e+03 1.761030334085055536e-16
5.578037406921390357e+03 1.781594573508715838e-16
5.581542079925540747e+03 1.890670447198000313e-16
5.585046752929691138e+03 1.888635847588915882e-16
5.588551425933841529e+03 1.533357804030450241e-16
5.592056098937991919e+03 1.505635606806899067e-16
5.595560771942142310e+03 1.209382127735563286e-16
5.599065444946292700e+03 9.081017728200692493e-17
5.602570117950443091e+03 1.103828984664570641e-16
5.606074790954593482e+03 1.202775800142571777e-16
5.609579463958743872e+03 1.241805357816375827e-16
5.613084136962894263e+03 1.507917831204157373e-16
5.616588809967044654e+03 1.850519232613574358e-16
5.620093482971195044e+03 1.289819685129281858e-16
5.623598155975345435e+03 1.084182783371946191e-16
5.627102828979495825e+03 1.251788567542053815e-16
5.630607501983646216e+03 1.319894384014933843e-16
5.634112174987796607e+03 1.614842505905211942e-16
5.637616847991946997e+03 1.553804120585984983e-16
5.641121520996097388e+03 1.877339736794993727e-16
5.644626194000247779e+03 1.722309943436999306e-16
5.648130867004398169e+03 1.236157765640557779e-16
5.651635540008548560e+03 1.375798426184819657e-16
5.655140213012698950e+03 1.555496995340411507e-16
5.658644886016849341e+03 1.422631539582999965e-16
5.662149559020999732e+03 1.291071308657748096e-16
5.665654232025150122e+03 1.294540835019040515e-16
5.669158905029300513e+03 1.219558037456741628e-16
5.672663578033450904e+03 8.930803714194532794e-17
5.676168251037601294e+03 1.632409175137878080e-16
5.679672924041751685e+03 1.622315586431261015e-16
5.683177597045902075e+03 1.307643772968574499e-16
5.686682270050052466e+03 1.063922814064807395e-16
5.690186943054202857e+03 1.235136693892422322e-16
5.693691616058353247e+03 1.269369530455704870e-16
5.697196289062503638e+03 1.232699356586698072e-16
5.700700962066654029e+03 1.280203611246679405e-16
5.704205635070804419e+03 1.087587061726520427e-16
5.707710308074954810e+03 6.776873706454221826e-17
5.711214981079105200e+03 1.056089876885073252e-16
5.714719654083255591e+03 1.190706904133178082e-16
5.718224327087405982e+03 9.961180251604476654e-17
5.721729000091556372e+03 1.201659569536768220e-16
5.725233673095706763e+03 1.136951149275765988e-16
5.728738346099857154e+03 1.110681613556755939e-16
5.732243019104007544e+03 7.593460451466160365e-17
5.735747692108157935e+03 7.304974926265636560e-17
5.739252365112308325e+03 9.118400997932169004e-17
5.742757038116458716e+03 9.482451126450636993e-17
5.746261711120609107e+03 1.371417280614044797e-16
5.749766384124759497e+03 1.050276186842254557e-16
5.753271057128909888e+03 1.067979373963216447e-16
5.756775730133060279e+03 1.060316637466321215e-16
5.760280403137210669e+03 7.756200626924333072e-17
5.763785076141361060e+03 6.482202855505271501e-17
5.767289749145511450e+03 7.236523414471158371e-17
5.770794422149661841e+03 7.638068647539920041e-17
5.774299095153812232e+03 1.005575081842092924e-16
5.777803768157962622e+03 8.918675922925525324e-17
5.781308441162113013e+03 1.125511439927504628e-16
5.784813114166263404e+03 9.492413028003735616e-17
5.788317787170413794e+03 5.357576035612055584e-17
5.791822460174564185e+03 6.853283357485950183e-17
5.795327133178714575e+03 8.401515324767981955e-17
5.798831806182864966e+03 4.812620845383750400e-17
5.802336479187015357e+03 7.255823854267735656e-17
5.805841152191165747e+03 6.796607588891776896e-17
5.809345825195316138e+03 3.254882256757769192e-17
5.812850498199466529e+03 3.484363665375905447e-17
5.816355171203616919e+03 7.836235314272513817e-17
5.819859844207767310e+03 4.765063584990116669e-17
5.823364517211917700e+03 1.682755357684795599e-17
5.826869190216068091e+03 5.151813203878264844e-17
5.830373863220218482e+03 9.739606358770102322e-17
5.833878536224368872e+03 7.572342861299926589e-17
5.837383209228519263e+03 5.305983788190388184e-17
5.840887882232669654e+03 5.089427572951760517e-17
5.844392555236820044e+03 5.744226061954452373e-17
5.847897228240970435e+03 6.249420334498558623e-17
5.851401901245120825e+03 8.462385229940044113e-17
5.854906574249271216e+03 9.331964473714579817e-17
5.858411247253421607e+03 7.858608895480848110e-17
5.861915920257571997e+03 8.264241062520111779e-17
5.865420593261722388e+03 6.319297243924588189e-17
5.868925266265872779e+03 7.687479123377917575e-17
5.872429939270023169e+03 9.864169832853237653e-17
5.875934612274173560e+03 9.997762810503001835e-17
5.879439285278323950e+03 1.005943607348597549e-16
5.882943958282474341e+03 6.629084986004067604e-17
5.886448631286624732e+03 9.230888296816520174e-17
5.889953304290775122e+03 1.177754446880679745e-16
5.893457977294925513e+03 8.305681487720038380e-17
5.896962650299075904e+03 9.298603286993581147e-17
5.900467323303226294e+03 1.181159916375336058e-16
5.903971996307376685e+03 1.316142425105291318e-16
5.907476669311527075e+03 1.230723387539431400e-16
5.910981342315677466e+03 1.156510331167949859e-16
5.914486015319827857e+03 9.099319595561795762e-17
5.917990688323978247e+03 1.079370246568112676e-16
5.921495361328128638e+03 1.217924587357520913e-16
5.925000034332279029e+03 1.262694249086850941e-16
5.928504707336429419e+03 1.226205922603707801e-16
5.932009380340579810e+03 1.351968742400596018e-16
5.935514053344730200e+03 1.389968360950098042e-16
5.939018726348880591e+03 1.415599577934013170e-16
5.942523399353030982e+03 1.560010357460296843e-16
5.946028072357181372e+03 1.561488429953255598e-16
5.949532745361331763e+03 1.590362459636174611e-16
5.953037418365482154e+03 1.780106574848406447e-16
5.956542091369632544e+03 2.046159491232084175e-16
5.960046764373782935e+03 1.647984258153312545e-16
5.963551437377933325e+03 1.562354124095129094e-16
5.967056110382083716e+03 1.681246580247498876e-16
5.970560783386234107e+03 1.441398348622807040e-16
5.974065456390384497e+03 1.011432777893499441e-16
5.977570129394534888e+03 1.210545342200159856e-16
5.981074802398685279e+03 1.470781656865262702e-16
5.984579475402835669e+03 1.423218903992361619e-16
5.988084148406986060e+03 1.213795963484146242e-16
5.991588821411136450e+03 1.465690724154468339e-16
5.995093494415286841e+03 1.731168584576299203e-16
5.998598167419437232e+03 1.900479221076103119e-16
6.002102840423587622e+03 1.487261344598585157e-16
6.005607513427738013e+03 1.376900627807434315e-16
6.009112186431888404e+03 1.210251792344377037e-16
6.012616859436038794e+03 1.368298743530270878e-16
6.016121532440189185e+03 1.226238877479311914e-16
6.019626205444339575e+03 1.081688403691180285e-16
6.023130878448489966e+03 1.027388694862953319e-16
6.026635551452640357e+03 1.285713692917466637e-16
6.030140224456790747e+03 1.378749674261510851e-16
6.033644897460941138e+03 1.156231604388743991e-16
6.037149570465091529e+03 9.365997331092971545e-17
6.040654243469241919e+03 1.156270912011452510e-16
6.044158916473392310e+03 1.170196927757701259e-16
6.047663589477542700e+03 1.130573652927431148e-16
6.051168262481693091e+03 1.279763551160801194e-16
6.054672935485843482e+03 1.426356234619652742e-16
6.058177608489993872e+03 1.405961401785443300e-16
6.061682281494144263e+03 1.096362323060074979e-16
6.065186954498294654e+03 9.636966479642072436e-17
6.068691627502445044e+03 1.530798441040762169e-16
6.072196300506595435e+03 1.716193968511129232e-16
6.075700973510745825e+03 1.573143735656372779e-16
6.079205646514896216e+03 1.450465306927572291e-16
6.082710319519046607e+03 1.414255971921431036e-16
6.086214992523196997e+03 1.181145490345453133e-16
6.089719665527347388e+03 1.177949529156344251e-16
6.093224338531497779e+03 1.050767929172805081e-16
6.096729011535648169e+03 9.412682743120974384e-17
6.100233684539798560e+03 1.175809712173343075e-16
6.103738357543948950e+03 1.291931973541497270e-16
6.107243030548099341e+03 8.776026971929530595e-17
6.110747703552249732e+03 6.579847225477971143e-17
6.114252376556400122e+03 9.515388134953518470e-17
6.117757049560550513e+03 7.509864917017061345e-17
6.121261722564700904e+03 6.483792365770353399e-17
6.124766395568851294e+03 6.364972833860786292e-17
6.128271068573001685e+03 7.853228251032313176e-17
6.131775741577152075e+03 9.062965338512335217e-17
6.135280414581302466e+03 9.234324074208820430e-17
6.138785087585452857e+03 7.054434491868635283e-17
6.142289760589603247e+03 6.221292884949305470e-17
6.145794433593753638e+03 6.533684591597101817e-17
6.149299106597904029e+03 5.206709210666469036e-17
6.152803779602054419e+03 7.353341169298347152e-17
6.156308452606204810e+03 8.516234687817246215e-17
6.159813125610355200e+03 8.485451657629452821e-17
6.163317798614505591e+03 9.417236868701446334e-17
6.166822471618655982e+03 6.421428903284265494e-17
6.170327144622806372e+03 5.733157061869512778e-17
6.173831817626956763e+03 8.107841061021035518e-17
6.177336490631107154e+03 9.010537969544234280e-17
6.180841163635257544e+03 7.961658394448214255e-17
6.184345836639407935e+03 7.080232600812939110e-17
6.187850509643558325e+03 8.308340377081028833e-17
6.191355182647708716e+03 7.964150524197714017e-17
6.194859855651859107e+03 9.630035367853368106e-17
6.198364528656009497e+03 1.113928926118292113e-16
6.201869201660159888e+03 8.188282059486102311e-17
6.205373874664310279e+03 9.362993672852668991e-17
6.208878547668460669e+03 9.354777453264302278e-17
6.212383220672611060e+03 7.888436366625020246e-17
6.215887893676761450e+03 1.041831268358129183e-16
6.219392566680911841e+03 1.032527405525928744e-16
6.222897239685062232e+03 5.980407964406513175e-17
6.226401912689212622e+03 8.645019430002362157e-17
6.229906585693363013e+03 8.813355978612823628e-17
6.233411258697513404e+03 8.850082136065688014e-17
6.236915931701663794e+03 8.693250015414614052e-17
6.240420604705814185e+03 7.183291364203165850e-17
6.243925277709964575e+03 6.665341966613491913e-17
6.247429950714114966e+03 9.325897600229870891e-17
6.250934623718265357e+03 1.054021395958098649e-16
6.254439296722415747e+03 8.432008510869136767e-17
6.257943969726566138e+03 5.904478739874555616e-17
6.261448642730716529e+03 5.827177057270250073e-17
6.264953315734866919e+03 9.705709820756659332e-17
6.268457988739017310e+03 9.982115862035948763e-17
6.271962661743167700e+03 7.948299096683237837e-17
6.275467334747318091e+03 1.024805773769419737e-16
6.278972007751468482e+03 1.000855387790212361e-16
6.282476680755618872e+03 7.910236215360487758e-17
6.285981353759769263e+03 7.959183470055455597e-17
6.289486026763919654e+03 9.507829689388253925e-17
6.292990699768070044e+03 9.069107650868908979e-17
6.296495372772220435e+03 9.358471311007719078e-17
6.300000045776370825e+03 1.092802667099238782e-16
6.303504718780521216e+03 1.095413778508048171e-16
6.307009391784671607e+03 8.131334975651011631e-17
6.310514064788821997e+03 1.108143360216300220e-16
6.314018737792972388e+03 1.267587187846224610e-16
6.317523410797122779e+03 1.146836950212509732e-16
6.321028083801273169e+03 1.144462346284441504e-16
6.324532756805423560e+03 7.066948741919827528e-17
6.328037429809573950e+03 1.098073991358018708e-16
6.331542102813724341e+03 1.360914733812581515e-16
6.335046775817874732e+03 1.155046155309281996e-16
6.338551448822025122e+03 1.190275314376772415e-16
6.342056121826175513e+03 1.345835429769086833e-16
6.345560794830325904e+03 1.210503255250593158e-16
6.349065467834476294e+03 1.266047837813487928e-16
6.352570140838626685e+03 1.361545641009387960e-16
6.356074813842777075e+03 1.369911414852504261e-16
6.359579486846927466e+03 1.349128138002639917e-16
6.363084159851077857e+03 1.204525981969835975e-16
6.366588832855228247e+03 1.075665867087304201e-16
6.370093505859378638e+03 1.078076271392283724e-16
6.373598178863529029e+03 8.602199929285187147e-17
6.377102851867679419e+03 9.899480518841901298e-17
6.380607524871829810e+03 1.081032284029303223e-16
6.384112197875980200e+03 9.662876423405193432e-17
6.387616870880130591e+03 1.043823119273156873e-16
6.391121543884280982e+03 7.795131717018018809e-17
6.394626216888431372e+03 6.206872810766791049e-17
6.398130889892581763e+03 1.090484377627273164e-16
6.401635562896732154e+03 9.926739097875728751e-17
6.405140235900882544e+03 7.693741211487189016e-17
6.408644908905032935e+03 6.011348489782936664e-17
6.412149581909183325e+03 4.271221208300443150e-17
6.415654254913333716e+03 7.898514735208366335e-17
6.419158927917484107e+03 8.649415398649713967e-17
6.422663600921634497e+03 7.755344991298708220e-17
6.426168273925784888e+03 6.693135896939763686e-17
6.429672946929935279e+03 4.851974459334328223e-17
6.433177619934085669e+03 6.632165406605215079e-17
6.436682292938236060e+03 7.151845266036349950e-17
6.440186965942386450e+03 8.386516885901170457e-17
6.443691638946536841e+03 8.122039450799385728e-17
6.447196311950687232e+03 6.019787055519957631e-17
6.450700984954837622e+03 4.184297099066430748e-17
6.454205657958988013e+03 6.135772997523163087e-17
6.457710330963138404e+03 5.892318523125536067e-17
6.461215003967288794e+03 6.418104960710782408e-17
6.464719676971439185e+03 8.760091502864819028e-17
6.468224349975589575e+03 7.465238853842070524e-17
6.471729022979739966e+03 7.394994676224067413e-17
6.475233695983890357e+03 7.178950982092977603e-17
6.478738368988040747e+03 5.774552488444116495e-17
6.482243041992191138e+03 3.033940329911385373e-17
6.485747714996341529e+03 4.702195873202616439e-17
6.489252388000491919e+03 8.482692844850465964e-17
6.492757061004642310e+03 7.207076446408760629e-17
6.496261734008792700e+03 8.351116202661861042e-17
6.499766407012943091e+03 6.782681837843324165e-17
6.503271080017093482e+03 7.629227741152953281e-17
6.506775753021243872e+03 7.648167530202457445e-17
6.510280426025394263e+03 7.636283922650275629e-17
6.513785099029544654e+03 7.920552150215759077e-17
6.517289772033695044e+03 6.250770293258245164e-17
6.520794445037845435e+03 6.959683930550891154e-17
6.524299118041995825e+03 9.445246527731471936e-17
6.527803791046146216e+03 8.201405776212623627e-17
6.531308464050296607e+03 6.969546570430483414e-17
6.534813137054446997e+03 7.947608897180123591e-17
6.538317810058597388e+03 8.329408336410509426e-17
6.541822483062747779e+03 8.746118106213083242e-17
6.545327156066898169e+03 8.449567900912412438e-17
6.548831829071048560e+03 1.007530602984617286e-16
6.552336502075198950e+03 8.663321959107955468e-17
6.555841175079349341e+03 7.118224675475254650e-17
6.559345848083499732e+03 9.542143788174913682e-17
6.562850521087650122e+03 1.190361870556069963e-16
6.566355194091800513e+03 9.070757379882584738e-17
6.569859867095950904e+03 6.407503813980302805e-17
6.573364540100101294e+03 7.013826541237182049e-17
6.576869213104251685e+03 9.373202405100553437e-17
6.580373886108402075e+03 9.805224942402708901e-17
6.583878559112552466e+03 8.831369987120758444e-17
6.587383232116702857e+03 1.115140183232865762e-16
6.590887905120853247e+03 9.827908220032383047e-17
6.594392578125003638e+03 8.361581030027391906e-17
6.597897251129154029e+03 8.884159992069402627e-17
6.601401924133304419e+03 1.059576807126453787e-16
6.604906597137454810e+03 1.300583223957617871e-16
6.608411270141605200e+03 1.330016163036826715e-16
6.611915943145755591e+03 1.261212338475849941e-16
6.615420616149905982e+03 1.347568538588507937e-16
6.618925289154056372e+03 1.195502434103617507e-16
6.622429962158206763e+03 8.899047257861886998e-17
6.625934635162357154e+03 1.037735400837011611e-16
6.629439308166507544e+03 9.690021182386733588e-17
6.632943981170657935e+03 9.540586041645353821e-17
6.636448654174808325e+03 1.171620737202476534e-16
6.639953327178958716e+03 1.256909940499390129e-16
6.643458000183109107e+03 1.128897057087459668e-16
6.646962673187259497e+03 1.274421949637178763e-16
6.650467346191409888e+03 1.386338295375521331e-16
6.653972019195560279e+03 1.452291986417885393e-16
6.657476692199710669e+03 1.350137827745546645e-16
6.660981365203861060e+03 1.100149817648832782e-16
6.664486038208011450e+03 1.225225084920566923e-16
6.667990711212161841e+03 1.059749919485048885e-16
6.671495384216312232e+03 9.093950200769591549e-17
6.675000057220462622e+03 1.021719066595616859e-16
6.678504730224613013e+03 1.281669639989919387e-16
6.682009403228763404e+03 1.334868603033409788e-16
6.685514076232913794e+03 1.124639922434118758e-16
6.689018749237064185e+03 1.022186787601178843e-16
6.692523422241214575e+03 9.614217689307884090e-17
6.696028095245364966e+03 1.021738720406971119e-16
6.699532768249515357e+03 1.274190471414561924e-16
6.703037441253665747e+03 1.266438664109306982e-16
6.706542114257816138e+03 8.415942016395396800e-17
6.710046787261966529e+03 7.587195716378928754e-17
6.713551460266116919e+03 8.475935110118152749e-17
6.717056133270267310e+03 7.980080037562015203e-17
6.720560806274417700e+03 7.118519813517813571e-17
6.724065479278568091e+03 7.474829516736255348e-17
6.727570152282718482e+03 7.868652853350711993e-17
6.731074825286868872e+03 7.789048299921058822e-17
6.734579498291019263e+03 7.639297507057928819e-17
6.738084171295169654e+03 6.174383803283668292e-17
6.741588844299320044e+03 7.146725348916891729e-17
6.745093517303470435e+03 8.566126251899504589e-17
6.748598190307620825e+03 8.634540706002540402e-17
6.752102863311771216e+03 8.230189014551508820e-17
6.755607536315921607e+03 6.802281386149400624e-17
6.759112209320071997e+03 6.008761068826870794e-17
6.762616882324222388e+03 4.695946358238655804e-17
6.766121555328372779e+03 5.085255604814288067e-17
6.769626228332523169e+03 5.863813217472468690e-17
6.773130901336673560e+03 4.175660340854642075e-17
6.776635574340823950e+03 2.625539423925784210e-17
6.780140247344974341e+03 4.034361017746088867e-17
6.783644920349124732e+03 5.957651233138444320e-17
6.787149593353275122e+03 5.833211505274946921e-17
6.790654266357425513e+03 4.900652714894093817e-17
6.794158939361575904e+03 4.095700099761591102e-17
6.797663612365726294e+03 5.235915965478981379e-17
6.801168285369876685e+03 6.744611677331183619e-17
6.804672958374027075e+03 5.272200408484742449e-17
6.808177631378177466e+03 4.287297298069288733e-17
6.811682304382327857e+03 5.783625667147088145e-17
6.815186977386478247e+03 4.239103439476234192e-17
6.818691650390628638e+03 3.689575925693980892e-17
6.822196323394779029e+03 5.071694474979848710e-17
6.825700996398929419e+03 3.926083737307387586e-17
6.829205669403079810e+03 1.974711401863346886e-17
6.832710342407230200e+03 3.214545621367233350e-17
6.836215015411380591e+03 6.953819550880135209e-17
6.839719688415530982e+03 6.788396663259330522e-17
6.843224361419681372e+03 4.909500900470451044e-17
6.846729034423831763e+03 5.272747340305762511e-17
6.850233707427982154e+03 2.447128477198916904e-17
6.853738380432132544e+03 -3.807051206390088075e-18
6.857243053436282935e+03 -1.091213975742963311e-18
6.860747726440433325e+03 3.143537459735476264e-17
6.864252399444583716e+03 5.408982663704266084e-17
6.867757072448734107e+03 1.689887308926227804e-17
6.871261745452884497e+03 2.726078098861806895e-17
6.874766418457034888e+03 5.391534446735317539e-17
6.878271091461185279e+03 3.327421695139484443e-17
6.881775764465335669e+03 2.033005301171796406e-17
6.885280437469486060e+03 3.722523522108703048e-17
6.888785110473636450e+03 4.585247754710889301e-17
6.892289783477786841e+03 3.156581436250947468e-17
6.895794456481937232e+03 1.402666377446175068e-17
6.899299129486087622e+03 3.155329746548032226e-17
6.902803802490238013e+03 4.200125696396000464e-17
6.906308475494388404e+03 5.217367598295337308e-17
6.909813148498538794e+03 7.058821196093126500e-17
6.913317821502689185e+03 4.902510231677642896e-17
6.916822494506839575e+03 2.946389548645302796e-17
6.920327167510989966e+03 4.002050681275277563e-17
6.923831840515140357e+03 2.294444336447551354e-17
6.927336513519290747e+03 2.443850939457798042e-18
6.930841186523441138e+03 2.509657044935270393e-17
6.934345859527591529e+03 1.984770414420359235e-17
6.937850532531741919e+03 -5.710114208827561831e-18
6.941355205535892310e+03 7.659944762327864943e-18
6.944859878540042700e+03 3.998409101346574114e-17
6.948364551544193091e+03 3.814337592251883929e-17
6.951869224548343482e+03 5.099570792495130764e-17
6.955373897552493872e+03 6.541731404596017670e-17
6.958878570556644263e+03 3.951544025689524757e-17
6.962383243560794654e+03 3.596156794290202117e-17
6.965887916564945044e+03 3.150621765373625414e-17
6.969392589569095435e+03 3.994932626668136250e-17
6.972897262573245825e+03 6.590151910676911740e-17
6.976401935577396216e+03 6.291895728080911573e-17
6.979906608581546607e+03 3.770047033533344616e-17
6.983411281585696997e+03 3.241864750021899685e-17
6.986915954589847388e+03 3.859876862823133294e-17
6.990420627593997779e+03 3.970159559938908134e-17
6.993925300598148169e+03 2.880036759500994149e-17
6.997429973602298560e+03 1.907713908149614410e-17
7.000934646606448950e+03 5.276934197694260916e-17
7.004439319610599341e+03 6.269521485128087238e-17
7.007943992614749732e+03 6.035394299317608157e-17
7.011448665618900122e+03 6.661766561133792707e-17
7.014953338623050513e+03 5.001229936446661473e-17
7.018458011627200904e+03 4.156434678185439585e-17
7.021962684631351294e+03 4.648448985721370913e-17
7.025467357635501685e+03 5.092609571332129504e-17
7.028972030639652075e+03 2.417217791685121934e-17
7.032476703643802466e+03 3.265327231788598783e-17
7.035981376647952857e+03 4.202585069793243126e-17
7.039486049652103247e+03 8.829900748916741756e-18
7.042990722656253638e+03 3.368527939371939622e-17
7.046495395660404029e+03 6.401889573726782896e-17
7.050000068664554419e+03 2.964126617084154858e-17
7.053504741668704810e+03 2.792501198358182549e-17
7.057009414672855200e+03 5.235494103366579335e-17
7.060514087677005591e+03 4.270690158347184107e-17
7.064018760681155982e+03 2.814960475477977335e-17
7.067523433685306372e+03 3.178507678184013083e-17
7.071028106689456763e+03 4.339113546000835492e-17
7.074532779693607154e+03 5.096758047540205449e-17
7.078037452697757544e+03 5.435511007693331724e-17
7.081542125701907935e+03 6.401524952512769521e-17
7.085046798706058325e+03 6.900551104665190354e-17
7.088551471710208716e+03 4.949684011139297043e-17
7.092056144714359107e+03 4.031683268667132205e-17
7.095560817718509497e+03 5.871416661663056121e-17
7.099065490722659888e+03 7.043650041914413930e-17
7.102570163726810279e+03 7.430129338178379774e-17
7.106074836730960669e+03 6.621341913726081223e-17
7.109579509735111060e+03 4.212453665373245768e-17
7.113084182739261450e+03 2.324005786306726436e-17
7.116588855743411841e+03 3.881531789515281516e-17
7.120093528747562232e+03 4.771471918631687485e-17
7.123598201751712622e+03 3.939707401996135952e-17
7.127102874755863013e+03 4.417156713306233569e-17
7.130607547760013404e+03 4.730681657393227563e-17
7.134112220764163794e+03 2.443604026044950963e-17
7.137616893768314185e+03 2.153652902235105704e-17
7.141121566772464575e+03 3.760400122357506186e-17
7.144626239776614966e+03 3.851659981490276538e-17
7.148130912780765357e+03 3.725473579045312166e-17
7.151635585784915747e+03 3.046162419770223888e-17
7.155140258789066138e+03 1.435130073202553702e-17
7.158644931793216529e+03 1.324392840340180973e-17
7.162149604797366919e+03 2.105602807632512880e-17
7.165654277801517310e+03 1.869264402608557046e-17
7.169158950805667700e+03 3.631885702796572573e-17
7.172663623809818091e+03 4.528620293464489111e-17
7.176168296813968482e+03 5.421698084080431225e-17
7.179672969818118872e+03 5.005172610118334225e-17
7.183177642822269263e+03 3.831039692308309643e-17
7.186682315826419654e+03 3.509157246184324878e-17
7.190186988830570044e+03 4.477393659873570150e-17
7.193691661834720435e+03 6.181522041097755899e-17
7.197196334838870825e+03 4.536476193178027726e-17
7.200701007843021216e+03 3.663320882179302773e-17
7.204205680847171607e+03 1.730776170093704046e-17
7.207710353851321997e+03 1.274238150105069480e-17
7.211215026855472388e+03 3.454946475815559614e-17
7.214719699859622779e+03 3.974103887971805991e-17
7.218224372863773169e+03 2.831213251025664244e-17
7.221729045867923560e+03 3.452858010204985729e-17
7.225233718872073950e+03 4.447795152322952692e-17
7.228738391876224341e+03 2.544971701390874293e-17
7.232243064880374732e+03 3.130839244716052225e-17
7.235747737884525122e+03 4.675061040388426919e-17
7.239252410888675513e+03 6.164654835791064601e-17
7.242757083892825904e+03 3.153201907140300818e-17
7.246261756896976294e+03 3.455850997815386349e-18
7.249766429901126685e+03 3.476914738523742923e-17
7.253271102905277075e+03 4.001898480042567806e-17
7.256775775909427466e+03 3.952039341440321510e-17
7.260280448913577857e+03 5.240053522902971624e-17
7.263785121917728247e+03 5.148012474399706192e-17
7.267289794921878638e+03 5.455113202977368353e-17
7.270794467926029029e+03 7.575849445352661384e-17
7.274299140930179419e+03 6.216092235002062074e-17
7.277803813934329810e+03 6.605721435038629848e-17
7.281308486938480200e+03 6.591698407550140881e-17
7.284813159942630591e+03 9.123864360441959242e-17
7.288317832946780982e+03 5.395442709693508085e-17
7.291822505950931372e+03 5.941056666561650500e-17
7.295327178955081763e+03 2.378485390374571434e-17
7.298831851959232154e+03 4.997268568493145024e-18
7.302336524963382544e+03 4.106296945152885429e-17
7.305841197967532935e+03 5.545843335645859746e-17
7.309345870971683325e+03 6.423938900134996402e-17
7.312850543975833716e+03 6.813995587112131581e-17
7.316355216979984107e+03 6.760419429709316999e-17
7.319859889984134497e+03 5.622986530444800128e-17
7.323364562988284888e+03 5.663356253059838091e-17
7.326869235992435279e+03 5.559741624297975717e-17
7.330373908996585669e+03 5.154156771989750082e-17
7.333878582000736060e+03 4.815703251218368002e-17
7.337383255004886450e+03 4.108635219308450328e-17
7.340887928009036841e+03 5.109646514100516684e-17
7.344392601013187232e+03 5.885777840585956766e-17
7.347897274017337622e+03 6.109198662292039499e-17
7.351401947021488013e+03 6.704151957465499887e-17
7.354906620025638404e+03 6.111228894387489650e-17
7.358411293029788794e+03 8.358247823031048226e-17
7.361915966033939185e+03 5.747326334890301121e-17
7.365420639038089575e+03 6.716673486706082599e-17
7.368925312042239966e+03 9.272746944534153587e-17
7.372429985046390357e+03 9.618493220458048179e-17
7.375934658050540747e+03 8.347053091493000570e-17
7.379439331054691138e+03 6.614204999400973700e-17
7.382944004058841529e+03 5.239078773269139136e-17
7.386448677062991919e+03 4.709355617712630425e-17
7.389953350067142310e+03 5.600960365093738107e-17
7.393458023071292700e+03 6.308789403167204568e-17
7.396962696075443091e+03 5.334071202197993771e-17
7.400467369079593482e+03 3.887231394808016898e-17
7.403972042083743872e+03 5.508046144735861700e-17
7.407476715087894263e+03 8.118894840982704138e-17
7.410981388092044654e+03 6.607743064455709448e-17
7.414486061096195044e+03 5.283374956815843810e-17
7.417990734100345435e+03 7.154481656084678959e-17
7.421495407104495825e+03 7.946307245768210147e-17
7.425000080108646216e+03 7.575570189177863482e-17
7.428504753112796607e+03 7.280279945386233451e-17
7.432009426116946997e+03 7.274742467493558462e-17
7.435514099121097388e+03 6.524991915975904559e-17
7.439018772125247779e+03 4.857382897051444940e-17
7.442523445129398169e+03 6.335300210927284083e-17
7.446028118133548560e+03 4.946234337112705897e-17
7.449532791137698950e+03 4.162476736251771920e-17
7.453037464141849341e+03 5.273483531050934705e-17
7.456542137145999732e+03 5.262654744215880510e-17
7.460046810150150122e+03 6.702980007973634758e-17
7.463551483154300513e+03 6.003389688801196453e-17
7.467056156158450904e+03 5.746010786844096786e-17
7.470560829162601294e+03 7.934250922904127258e-17
7.474065502166751685e+03 6.835535370263012421e-17
7.477570175170902075e+03 4.606904997508752672e-17
7.481074848175052466e+03 4.124791711032836064e-17
7.484579521179202857e+03 4.633307610044710252e-17
7.488084194183353247e+03 4.953693521004464079e-17
7.491588867187503638e+03 4.754987863384730750e-17
7.495093540191654029e+03 3.088842954144489989e-17
7.498598213195804419e+03 3.159356461769940365e-17
7.502102886199954810e+03 6.352098594807010969e-17
7.505607559204105200e+03 8.206036664153940497e-17
7.509112232208255591e+03 5.784924671581041420e-17
7.512616905212405982e+03 2.373409644699823545e-17
7.516121578216556372e+03 2.094368536861185190e-17
7.519626251220706763e+03 4.964499146782366790e-17
7.523130924224857154e+03 5.243215007204149296e-17
7.526635597229007544e+03 7.101971569055322720e-17
7.530140270233157935e+03 7.774629549227524486e-17
7.533644943237308325e+03 7.385771943266346176e-17
7.537149616241458716e+03 5.399538908086870678e-17
7.540654289245609107e+03 4.488012011960790856e-17
7.544158962249759497e+03 5.184246624824224037e-17
7.547663635253909888e+03 6.943637950156342502e-17
7.551168308258060279e+03 7.393476634363910097e-17
7.554672981262210669e+03 4.339879846120304617e-17
7.558177654266361060e+03 3.961925142377065254e-17
7.561682327270511450e+03 8.295332465640264941e-17
7.565187000274661841e+03 7.378084457525523358e-17
7.568691673278812232e+03 3.904559836024267764e-17
7.572196346282962622e+03 8.031947570691540250e-17
7.575701019287113013e+03 7.882970357137269839e-17
7.579205692291263404e+03 7.902987466216563066e-17
7.582710365295413794e+03 5.481518462491286102e-17
7.586215038299564185e+03 6.121250352944692091e-17
7.589719711303714575e+03 8.786755835346588385e-17
7.593224384307864966e+03 5.472486642818942103e-17
7.596729057312015357e+03 1.910521193712496875e-17
7.600233730316165747e+03 7.775152823683025531e-18
7.603738403320316138e+03 5.297782126980802404e-17
7.607243076324466529e+03 8.699079984371887791e-17
7.610747749328616919e+03 1.091876621859873416e-16
7.614252422332767310e+03 8.000639115378653174e-17
7.617757095336917700e+03 6.669262140972503222e-17
7.621261768341068091e+03 7.571256938591766975e-17
7.624766441345218482e+03 5.864924286471249917e-17
7.628271114349368872e+03 7.332928998758498598e-17
7.631775787353519263e+03 1.103950679476289442e-16
7.635280460357669654e+03 8.204369068039033593e-17
7.638785133361820044e+03 6.452057747005879003e-17
7.642289806365970435e+03 5.154881713078591555e-17
7.645794479370120825e+03 4.503440584746129928e-17
7.649299152374271216e+03 9.621964732052810726e-17
7.652803825378421607e+03 7.933930638570946725e-17
7.656308498382571997e+03 6.527159129180793492e-17
7.659813171386722388e+03 6.449858108320977992e-17
7.663317844390872779e+03 5.713866548240286130e-17
7.666822517395023169e+03 4.665857828893161933e-17
7.670327190399173560e+03 5.102437469625994537e-17
7.673831863403323950e+03 5.043273541749261743e-17
7.677336536407474341e+03 4.898831263185252050e-17
7.680841209411624732e+03 8.165379082685734081e-17
7.684345882415775122e+03 7.873840268408154540e-17
7.687850555419925513e+03 6.290291659437048741e-17
7.691355228424075904e+03 5.543509031957235102e-17
7.694859901428226294e+03 5.353435500337860148e-17
7.698364574432376685e+03 5.326701684684636336e-17
7.701869247436527075e+03 4.520452050351650474e-17
7.705373920440677466e+03 1.368384786857588644e-17
7.708878593444827857e+03 9.418242885762433326e-18
7.712383266448978247e+03 6.218931118864344065e-17
7.715887939453128638e+03 1.030731960375545645e-16
7.719392612457279029e+03 8.882450706051623051e-17
7.722897285461429419e+03 5.747911978763988665e-17
7.726401958465579810e+03 5.074409943494737789e-17
7.729906631469730200e+03 4.893071439143922808e-17
7.733411304473880591e+03 5.109855294487125068e-17
7.736915977478030982e+03 5.852417315609448139e-17
7.740420650482181372e+03 4.213331469439287040e-17
7.743925323486331763e+03 9.273767354537799002e-17
7.747429996490482154e+03 1.409749756642038158e-16
7.750934669494632544e+03 9.070323937241606951e-17
7.754439342498782935e+03 4.461545871953789203e-17
7.757944015502933325e+03 7.593091859785206735e-17
7.761448688507083716e+03 4.288588361569361498e-17
7.764953361511234107e+03 1.766656121779926685e-17
7.768458034515384497e+03 3.934600388894233559e-17
7.771962707519534888e+03 5.190165929287653503e-17
7.775467380523685279e+03 6.334645083882142085e-17
7.778972053527835669e+03 5.557300448874209222e-17
7.782476726531986060e+03 3.546169277256887591e-17
7.785981399536136450e+03 2.355387860694130731e-17
7.789486072540286841e+03 4.935186512851447659e-17
7.792990745544437232e+03 6.632766270602173599e-17
7.796495418548587622e+03 4.549965523735297480e-17
7.800000091552738013e+03 2.789213320859406774e-17
7.803504764556888404e+03 4.470042340333688882e-17
7.807009437561038794e+03 5.960698566515089673e-17
7.810514110565189185e+03 7.548913797629974633e-17
7.814018783569339575e+03 1.038771361836173023e-16
7.817523456573489966e+03 1.025556522893372865e-16
7.821028129577640357e+03 9.740262147559734362e-17
7.824532802581790747e+03 7.117274410387553732e-17
7.828037475585941138e+03 5.207726642819909260e-17
7.831542148590091529e+03 4.586249304996568507e-17
7.835046821594241919e+03 3.970012321789873695e-17
7.838551494598392310e+03 4.231171108274095678e-17
7.842056167602542700e+03 2.900316912015079240e-17
7.845560840606693091e+03 6.890927354546503409e-17
7.849065513610843482e+03 8.044460497253752410e-17
7.852570186614993872e+03 5.674105630556087196e-17
7.856074859619144263e+03 8.792886898046831426e-17
7.859579532623294654e+03 9.509379494983933277e-17
7.863084205627445044e+03 9.027667225668982377e-17
7.866588878631595435e+03 5.397927229381372359e-17
7.870093551635745825e+03 5.560314695026352455e-17
7.873598224639896216e+03 1.002108599505454700e-16
7.877102897644046607e+03 7.620111549058128874e-17
7.880607570648196997e+03 6.938246056051476846e-17
7.884112243652347388e+03 6.127133261461169223e-17
7.887616916656497779e+03 6.764205931681339739e-17
7.891121589660648169e+03 6.679016916500218567e-17
7.894626262664798560e+03 9.439693829715525971e-17
7.898130935668948950e+03 7.481469460949341011e-17
7.901635608673099341e+03 4.366952474952430149e-17
7.905140281677249732e+03 2.611500018261166692e-17
7.908644954681400122e+03 2.096840483403738658e-17
7.912149627685550513e+03 3.149423346102158587e-17
7.915654300689700904e+03 2.766584637150161128e-17
7.919158973693851294e+03 5.594679748138745479e-17
7.922663646698001685e+03 3.179660437085666982e-17
7.926168319702152075e+03 6.094284595847708410e-18
7.929672992706302466e+03 4.362888371166834614e-17
7.933177665710452857e+03 7.041666131933266748e-17
7.936682338714603247e+03 3.734713848232019528e-17
7.940187011718753638e+03 4.516803191233556558e-17
7.943691684722904029e+03 4.089919099896580502e-17
7.947196357727054419e+03 5.934341945221190042e-17
7.950701030731204810e+03 9.820690572879490349e-17
7.954205703735355200e+03 1.303153968952534673e-16
7.957710376739505591e+03 8.588531596843360918e-17
7.961215049743655982e+03 5.663649405868926884e-17
7.964719722747806372e+03 3.644043272567631952e-17
7.968224395751956763e+03 6.608196359431388507e-17
7.971729068756107154e+03 6.466308414598942564e-17
7.975233741760257544e+03 5.756646344288058595e-17
7.978738414764407935e+03 6.297064614292632932e-17
7.982243087768558325e+03 5.181833904413529366e-17
7.985747760772708716e+03 3.231122320842796025e-17
7.989252433776859107e+03 1.283816901598433541e-17
7.992757106781009497e+03 6.532268458388411033e-17
7.996261779785159888e+03 6.779458480432327527e-17
7.999766452789310279e+03 9.757003745490409483e-19
8.003271125793460669e+03 7.719012902689664096e-18
8.006775798797611060e+03 3.952869499903079729e-17
8.010280471801761450e+03 2.575945313991799903e-17
8.013785144805911841e+03 2.499836260394673316e-17
8.017289817810062232e+03 2.148381280191305259e-17
8.020794490814212622e+03 1.775193783754331505e-17
8.024299163818363013e+03 9.985784738924866462e-18
8.027803836822513404e+03 7.539119979177346786e-17
8.031308509826663794e+03 9.657522910480750237e-17
8.034813182830814185e+03 3.860702389074461215e-17
8.038317855834964575e+03 3.413062350935059568e-17
8.041822528839114966e+03 5.052029744841503073e-17
8.045327201843265357e+03 4.580944761164388451e-17
8.048831874847415747e+03 6.156876029310615929e-17
8.052336547851566138e+03 8.831146979227614147e-17
8.055841220855716529e+03 8.668812453141837445e-17
8.059345893859866919e+03 4.032595152574410663e-17
8.062850566864017310e+03 1.772731928815251184e-17
8.066355239868167700e+03 5.898998172008024276e-17
8.069859912872318091e+03 6.550815832955320041e-17
8.073364585876468482e+03 3.736791395058507712e-17
8.076869258880618872e+03 3.196228203010614084e-17
8.080373931884769263e+03 3.636831581115149636e-17
8.083878604888919654e+03 3.560406379087905282e-17
8.087383277893070044e+03 4.670945651404853096e-17
8.090887950897220435e+03 4.063204143961322899e-17
8.094392623901370825e+03 2.887185585226922436e-17
8.097897296905521216e+03 3.704483374693411557e-17
8.101401969909671607e+03 4.642663684517175037e-17
8.104906642913821997e+03 4.102024391852926530e-17
8.108411315917972388e+03 2.598519569216739561e-17
8.111915988922122779e+03 1.610035097621176256e-17
8.115420661926273169e+03 2.605832176703953346e-17
8.118925334930423560e+03 5.483720086409657240e-17
8.122430007934573950e+03 6.923490477412510917e-17
8.125934680938724341e+03 2.663675758886928997e-17
8.129439353942874732e+03 -4.639112184557178613e-19
8.132944026947025122e+03 5.751262721989318469e-18
8.136448699951175513e+03 1.402606324133703718e-17
8.139953372955325904e+03 5.388399432213741565e-17
8.143458045959476294e+03 6.273381440738504686e-17
8.146962718963626685e+03 3.366630717918987997e-17
8.150467391967777075e+03 2.117997778239374978e-17
8.153972064971927466e+03 2.530466758477511931e-17
8.157476737976077857e+03 4.645262024257326608e-17
8.160981410980228247e+03 5.124119858714479519e-17
8.164486083984378638e+03 3.487678674398772961e-17
8.167990756988529029e+03 2.062076232927727542e-17
8.171495429992679419e+03 3.747082183623157419e-17
8.175000102996829810e+03 3.255754105123400083e-17
8.178504776000980200e+03 6.383621455334671790e-17
8.182009449005130591e+03 4.745727080118832073e-17
8.185514122009280982e+03 1.593747415051639609e-17
8.189018795013431372e+03 7.351327811687393082e-18
8.192523468017581763e+03 1.936329394260273849e-17
8.196028141021732154e+03 2.220432351139369203e-17
8.199532814025882544e+03 8.492820513398320213e-18
8.203037487030032935e+03 2.777065346383453010e-17
8.206542160034183325e+03 2.054383949539351917e-17
8.210046833038333716e+03 1.738726037524828685e-17
8.213551506042484107e+03 2.983319523401100249e-17
8.217056179046634497e+03 1.181391510403238655e-17
8.220560852050784888e+03 1.575221050872289448e-17
8.224065525054935279e+03 2.943836869274964153e-17
8.227570198059085669e+03 3.357699814281375468e-17
8.231074871063236060e+03 4.020208288337551584e-17
8.234579544067386450e+03 3.014200822645664941e-17
8.238084217071536841e+03 2.300386636532009794e-17
8.241588890075687232e+03 1.825656267895373980e-17
8.245093563079837622e+03 3.227151192158051450e-17
8.248598236083988013e+03 3.507342742792628556e-17
8.252102909088138404e+03 2.537855632017203106e-17
8.255607582092288794e+03 8.228901094337763756e-18
8.259112255096439185e+03 3.900073208381780142e-17
8.262616928100589575e+03 4.406169769538059234e-17
8.266121601104739966e+03 2.798646157692716481e-17
8.269626274108890357e+03 2.211326581520262963e-17
8.273130947113040747e+03 1.381606772640881260e-17
8.276635620117191138e+03 3.647763269218405428e-17
8.280140293121341529e+03 4.579967364552595794e-17
8.283644966125491919e+03 4.161895393717269652e-17
8.287149639129642310e+03 3.788261550621762285e-17
8.290654312133792700e+03 2.047965855166552975e-17
8.294158985137943091e+03 4.029288746229913701e-17
8.297663658142093482e+03 5.141720607788382842e-17
8.301168331146243872e+03 6.652359201463349633e-17
8.304673004150394263e+03 4.988415916141480011e-17
8.308177677154544654e+03 2.045494404932367039e-17
8.311682350158695044e+03 6.522267431192338652e-18
8.315187023162845435e+03 1.763039688141844848e-17
8.318691696166995825e+03 5.099113196180266429e-17
8.322196369171146216e+03 6.633439926493036785e-17
8.325701042175296607e+03 4.853167584649874711e-17
8.329205715179446997e+03 3.239950323212206957e-17
8.332710388183597388e+03 2.765741078361479550e-17
8.336215061187747779e+03 2.717881731608141454e-17
8.339719734191898169e+03 4.665888930884193927e-17
8.343224407196048560e+03 -2.796359954556711795e-18
8.346729080200198950e+03 -2.147061430805915648e-17
8.350233753204349341e+03 4.228321967372218029e-17
8.353738426208499732e+03 8.685069695464832140e-18
8.357243099212650122e+03 -3.331368339278097449e-17
8.360747772216800513e+03 7.669918906154029350e-18
8.364252445220950904e+03 3.783010277221030644e-17
8.367757118225101294e+03 7.630870190977238573e-18
8.371261791229251685e+03 -4.781704680476366597e-19
8.374766464233402075e+03 9.538794533874686473e-18
8.378271137237552466e+03 9.069941118054117410e-18
8.381775810241702857e+03 2.871284526875693074e-17
8.385280483245853247e+03 2.476146800267889668e-17
8.388785156250003638e+03 -2.285786071539836303e-17
8.392289829254154029e+03 -7.207637440300194092e-18
8.395794502258304419e+03 3.816199079502373263e-17
8.399299175262454810e+03 1.605851548955128063e-17
8.402803848266605200e+03 1.866066522360427041e-18
8.406308521270755591e+03 3.520543552752239814e-17
8.409813194274905982e+03 -1.654003055900819889e-18
8.413317867279056372e+03 -2.616432330817697885e-17
8.416822540283206763e+03 2.005279530527999003e-17
8.420327213287357154e+03 4.783580850182728747e-17
8.423831886291507544e+03 4.355091366712909775e-17
8.427336559295657935e+03 1.997790237261943890e-17
8.430841232299808325e+03 3.002513422334780703e-17
8.434345905303958716e+03 5.242724323664782840e-17
8.437850578308109107e+03 4.940952623465432304e-17
8.441355251312259497e+03 3.832719199824037310e-17
8.444859924316409888e+03 1.443431988702380909e-17
8.448364597320560279e+03 4.904679760988246977e-17
8.451869270324710669e+03 5.392189242908214516e-17
8.455373943328861060e+03 -1.409165866391249227e-18
8.458878616333011450e+03 -7.136624811893129219e-18
8.462383289337161841e+03 2.591029531488133150e-18
8.465887962341312232e+03 2.670577092173581418e-17
8.469392635345462622e+03 2.942436617934034388e-17
8.472897308349613013e+03 2.716942550740648746e-17
8.476401981353763404e+03 4.983886605979384653e-17
8.479906654357913794e+03 3.954010347403912864e-17
8.483411327362064185e+03 1.420608917549185302e-17
8.486916000366214575e+03 5.477942808857403129e-18
8.490420673370364966e+03 2.859745688202823359e-17
8.493925346374515357e+03 5.781222872903744110e-17
8.497430019378665747e+03 3.949938964428926862e-17
8.500934692382816138e+03 5.937832647406163819e-17
8.504439365386966529e+03 6.882478200897641763e-17
8.507944038391116919e+03 2.804508303975818533e-18
8.511448711395267310e+03 -2.569086166916387687e-17
8.514953384399417700e+03 -2.743733276420016207e-18
8.518458057403568091e+03 1.699699325352331818e-17
8.521962730407718482e+03 4.171392750638358495e-17
8.525467403411868872e+03 3.046558142975269257e-17
8.528972076416019263e+03 2.143374025071276761e-17
8.532476749420169654e+03 1.988041582870761438e-17
8.535981422424320044e+03 1.835473247405153312e-17
8.539486095428470435e+03 3.457061080333490174e-17
8.542990768432620825e+03 3.652745874356179846e-17
8.546495441436771216e+03 3.599404305375085303e-17
8.550000114440921607e+03 4.752140045971833186e-17
8.553504787445071997e+03 3.821058269292754769e-17
8.557009460449222388e+03 6.891083526246153420e-17
8.560514133453372779e+03 7.965560039961504376e-17
8.564018806457523169e+03 3.682798669499211426e-17
8.567523479461673560e+03 9.103463439558441409e-18
8.571028152465823950e+03 2.109532246414384782e-17
8.574532825469974341e+03 4.910995119528966833e-17
8.578037498474124732e+03 5.936186227114938273e-17
8.581542171478275122e+03 1.933790446088103586e-17
8.585046844482425513e+03 -3.743673041446581371e-18
8.588551517486575904e+03 5.699971733746742882e-18
8.592056190490726294e+03 9.254734921259688898e-18
8.595560863494876685e+03 8.249550003968924986e-18
8.599065536499027075e+03 1.612354677494897456e-17
8.602570209503177466e+03 2.217809526853086063e-17
8.606074882507327857e+03 1.462094837682802320e-17
8.609579555511478247e+03 3.201241579267175474e-17
8.613084228515628638e+03 3.395065547783865855e-17
8.616588901519779029e+03 1.115851922519130890e-17
8.620093574523929419e+03 4.391046260962629718e-17
8.623598247528079810e+03 7.587672834156249341e-17
8.627102920532230200e+03 6.943594936764489745e-17
8.630607593536380591e+03 5.898163712206080781e-17
8.634112266540530982e+03 2.703972358735817272e-17
8.637616939544681372e+03 1.466533323413639356e-17
8.641121612548831763e+03 5.274910252171466168e-17
8.644626285552982154e+03 8.676043996929021034e-17
8.648130958557132544e+03 4.943591660491721484e-17
8.651635631561282935e+03 5.522347518500474761e-18
8.655140304565433325e+03 4.159899241463056686e-17
8.658644977569583716e+03 7.133466636314401759e-17
8.662149650573734107e+03 3.913593310057836869e-17
8.665654323577884497e+03 8.244457052937435995e-18
8.669158996582034888e+03 3.421968770026540528e-17
8.672663669586185279e+03 6.244770255967030522e-17
8.676168342590335669e+03 4.801528022497169278e-17
8.679673015594486060e+03 3.306221386911995365e-17
8.683177688598636450e+03 3.922083160992836123e-17
8.686682361602786841e+03 5.579740204531547757e-17
8.690187034606937232e+03 8.211302165061208050e-17
8.693691707611087622e+03 7.320038877836962258e-17
8.697196380615238013e+03 6.387885736828505159e-17
8.700701053619388404e+03 4.521751054785603748e-17
8.704205726623538794e+03 4.154262501896875334e-17
8.707710399627689185e+03 4.494465013355439535e-17
8.711215072631839575e+03 6.344067663675856134e-17
8.714719745635989966e+03 6.581297107655654090e-17
8.718224418640140357e+03 3.906693300260164533e-17
8.721729091644290747e+03 4.689073149092830186e-17
8.725233764648441138e+03 5.443600503211855313e-17
8.728738437652591529e+03 4.684044552712997821e-17
8.732243110656741919e+03 4.140847617594735353e-17
8.735747783660892310e+03 4.349474148609184675e-17
8.739252456665042700e+03 3.759690070519690667e-17
8.742757129669193091e+03 2.840416462520929230e-17
8.746261802673343482e+03 3.011630607046340174e-17
8.749766475677493872e+03 1.797134584066178054e-17
8.753271148681644263e+03 2.093125615272763010e-17
8.756775821685794654e+03 2.083513941991019339e-17
8.760280494689945044e+03 3.280041120524692039e-17
8.763785167694095435e+03 5.073288617456360905e-17
8.767289840698245825e+03 6.369479975582465229e-17
8.770794513702396216e+03 4.000460840137950644e-17
8.774299186706546607e+03 2.544085790954830000e-17
8.777803859710696997e+03 4.405941798561239619e-17
8.781308532714847388e+03 7.687993298846680537e-17
8.784813205718997779e+03 7.777287776844024896e-17
8.788317878723148169e+03 6.382822067990700544e-17
8.791822551727298560e+03 6.913032929236370520e-17
8.795327224731448950e+03 3.590875080642928524e-17
8.798831897735599341e+03 1.333624258694334017e-17
8.802336570739749732e+03 2.428490939945239616e-17
8.805841243743900122e+03 4.439679187024827406e-17
8.809345916748050513e+03 4.926949448311644609e-17
8.812850589752200904e+03 3.373027471031983071e-17
8.816355262756351294e+03 1.812265868139365568e-17
8.819859935760501685e+03 1.667884470068439778e-17
8.823364608764652075e+03 4.427163944356900097e-17
8.826869281768802466e+03 5.947015013949992468e-17
8.830373954772952857e+03 6.796886183322084756e-17
8.833878627777103247e+03 4.908046716953582821e-17
8.837383300781253638e+03 6.709347975201312986e-18
8.840887973785404029e+03 1.038091650983225949e-17
8.844392646789554419e+03 6.387957205233429740e-17
8.847897319793704810e+03 6.668788993662122890e-17
8.851401992797855200e+03 3.757136729404861981e-17
8.854906665802005591e+03 2.465623408514990049e-17
8.858411338806155982e+03 3.281305052500673065e-17
8.861916011810306372e+03 4.790424611698747477e-17
8.865420684814456763e+03 4.114031414752501259e-17
8.868925357818607154e+03 6.768458963518842386e-17
8.872430030822757544e+03 6.284053394129418828e-17
8.875934703826907935e+03 2.510453950737403980e-17
8.879439376831058325e+03 -1.782062402047757453e-18
8.882944049835208716e+03 -1.129200632372266629e-17
8.886448722839359107e+03 2.443445869111830824e-17
8.889953395843509497e+03 9.346150952092109263e-17
8.893458068847659888e+03 9.361981203782904085e-17
8.896962741851810279e+03 5.382569794128712847e-17
8.900467414855960669e+03 3.865819990088204287e-17
8.903972087860111060e+03 6.246310797139849281e-17
8.907476760864261450e+03 1.099024256445719626e-16
8.910981433868411841e+03 1.373982069908551216e-16
8.914486106872562232e+03 1.496487783325450632e-16
8.917990779876712622e+03 1.400992891805306786e-16
8.921495452880863013e+03 5.338097255675411867e-17
8.925000125885013404e+03 -3.255764693035240762e-17
8.928504798889163794e+03 -4.065061247154565702e-18
8.932009471893314185e+03 6.188171911478192199e-17
8.935514144897464575e+03 8.744751603841145640e-17
8.939018817901614966e+03 7.185023811278096911e-17
8.942523490905765357e+03 5.143088433649300529e-17
8.946028163909915747e+03 4.804281541320235796e-17
8.949532836914066138e+03 3.118363044973037419e-17
8.953037509918216529e+03 3.322665075745059513e-17
8.956542182922366919e+03 9.068276499789415697e-17
8.960046855926517310e+03 1.428763793423325082e-16
8.963551528930667700e+03 1.561198982913311042e-16
8.967056201934818091e+03 1.334488496998329421e-16
8.970560874938968482e+03 8.778401972904292848e-17
8.974065547943118872e+03 6.038619641962074923e-17
8.977570220947269263e+03 4.132993372242421844e-17
8.981074893951419654e+03 4.526628111677216400e-17
8.984579566955570044e+03 7.711515668489728474e-17
8.988084239959720435e+03 8.718613358228960008e-17
8.991588912963870825e+03 1.215449530615864246e-16
8.995093585968021216e+03 1.368995428129387540e-16
8.998598258972171607e+03 1.055171640230690387e-16
9.002102931976321997e+03 6.842063479657280916e-17
9.005607604980472388e+03 3.821298482542640168e-17
9.009112277984622779e+03 3.908762906152772208e-17
9.012616950988773169e+03 4.428701176807268644e-17
9.016121623992923560e+03 6.714023200023462698e-17
9.019626296997073950e+03 4.982606461263397587e-17
9.023130970001224341e+03 2.142022908258732646e-17
9.026635643005374732e+03 5.449149561633106044e-17
9.030140316009525122e+03 8.332419273840202447e-17
9.033644989013675513e+03 6.287647990199329265e-17
9.037149662017825904e+03 3.837620079517291489e-17
9.040654335021976294e+03 4.786838949179452612e-17
9.044159008026126685e+03 5.792561864740621014e-17
9.047663681030277075e+03 4.140259657615332661e-17
9.051168354034427466e+03 3.143541099330171497e-17
9.054673027038577857e+03 7.836696550182073386e-17
9.058177700042728247e+03 7.346394175641881804e-17
9.061682373046878638e+03 1.492493725194126087e-17
9.065187046051029029e+03 4.650232717994280261e-17
9.068691719055179419e+03 1.047066329018854784e-16
9.072196392059329810e+03 7.381423620222277420e-17
9.075701065063480200e+03 4.257763641478695433e-17
9.079205738067630591e+03 5.129637484272453235e-17
9.082710411071780982e+03 4.284751236143850514e-17
9.086215084075931372e+03 2.585317766640393239e-17
9.089719757080081763e+03 5.123373410929711667e-17
9.093224430084232154e+03 1.024116037487448521e-16
9.096729103088382544e+03 9.712670049302925528e-17
9.100233776092532935e+03 6.372523338492170329e-17
9.103738449096683325e+03 3.424159475160825966e-17
9.107243122100833716e+03 4.711580071815908027e-17
9.110747795104984107e+03 6.559586594426342304e-17
9.114252468109134497e+03 4.917662857010634278e-17
9.117757141113284888e+03 4.062893454923247982e-17
9.121261814117435279e+03 1.980975806078333476e-17
9.124766487121585669e+03 1.355805272256065965e-17
9.128271160125736060e+03 4.987875270893115352e-17
9.131775833129886450e+03 5.509436139037195807e-17
9.135280506134036841e+03 2.846681528480405861e-17
9.138785179138187232e+03 1.874443380423751552e-17
9.142289852142337622e+03 1.836800210543810879e-17
9.145794525146488013e+03 2.134225903804807807e-17
9.149299198150638404e+03 2.119902775190084601e-17
9.152803871154788794e+03 -1.318314655160595384e-18
9.156308544158939185e+03 -2.905907412185018877e-18
9.159813217163089575e+03 4.815143084507547092e-17
9.163317890167239966e+03 6.256828564064583539e-17
9.166822563171390357e+03 3.840876193280545227e-17
9.170327236175540747e+03 3.694818265544096961e-17
9.173831909179691138e+03 2.760669964898161959e-17
9.177336582183841529e+03 2.970085295344741848e-17
9.180841255187991919e+03 3.655082494150519638e-17
9.184345928192142310e+03 2.871272284602627289e-17
9.187850601196292700e+03 2.423506349573995071e-17
9.191355274200443091e+03 -4.036184785560645782e-18
9.194859947204593482e+03 -1.509025591480488387e-17
9.198364620208743872e+03 1.074668502335524514e-17
9.201869293212894263e+03 2.179382686060812651e-17
9.205373966217044654e+03 2.571048404765485980e-17
9.208878639221195044e+03 3.317586848528473965e-17
9.212383312225345435e+03 5.305136424370888862e-17
9.215887985229495825e+03 3.269965729791551141e-17
9.219392658233646216e+03 -5.459083401083923806e-19
9.222897331237796607e+03 3.097227918577817520e-17
9.226402004241946997e+03 4.167284971716420159e-17
9.229906677246097388e+03 2.888758551879753273e-17
9.233411350250247779e+03 4.824071341167199452e-17
9.236916023254398169e+03 2.889331953480375032e-17
9.240420696258548560e+03 2.043730028685791431e-17
9.243925369262698950e+03 3.567966809886639955e-17
9.247430042266849341e+03 2.731427310447064814e-17
9.250934715270999732e+03 3.257477618647715571e-17
9.254439388275150122e+03 5.497076737196673489e-17
9.257944061279300513e+03 3.441016423427921606e-17
9.261448734283450904e+03 1.500846264147441539e-17
9.264953407287601294e+03 1.966633486873399039e-17
9.268458080291751685e+03 3.566747545663736792e-17
9.271962753295902075e+03 3.471670082567911706e-17
9.275467426300052466e+03 3.610109345990501566e-17
9.278972099304202857e+03 2.900410879732665263e-17
9.282476772308353247e+03 3.613012088196072651e-17
9.285981445312503638e+03 5.728340885470984030e-17
9.289486118316654029e+03 3.750324400752120266e-17
9.292990791320804419e+03 1.382970958907103713e-17
9.296495464324954810e+03 1.070669497664136901e-17
9.300000137329105200e+03 -1.652383601697563571e-17
