3400.192  4.383205E-16
3402.897  2.532698E-16
3405.604  4.301548E-16
3408.312  5.409657E-16
3411.022  1.256388E-16
3413.734  8.732610E-17
3416.448  2.072596E-16
3419.165  2.577621E-16
3424.602  1.514634E-16
3427.324  3.921622E-16
3430.048  1.665688E-16
3432.773  2.970717E-16
3435.5  7.306429E-16
3438.23  3.320034E-16
3440.961  3.834374E-16
3443.694  4.257796E-16
3446.429  3.446763E-16
3449.166  6.637858E-17
3451.905  1.963451E-16
3454.645  2.860993E-16
3457.387  2.367435E-16
3460.132  3.899947E-16
3462.878  2.064189E-16
3465.626  2.856955E-16
3468.375  1.734171E-16
3471.127  3.096516E-16
3473.881  7.089457E-17
3476.636  5.776487E-16
3479.393  2.742710E-16
3482.152  2.641679E-16
3484.913  3.455660E-16
3487.676  2.838131E-16
3490.44  3.002858E-16
3493.207  3.546788E-16
3495.975  5.692452E-16
3498.745  3.075580E-16
3501.517  3.445634E-16
3504.291  3.071215E-16
3507.066  2.644821E-16
3509.843  4.084400E-16
3512.622  1.466454E-16
3515.403  3.511859E-16
3518.186  6.392180E-16
3520.97  2.106896E-16
3523.757  4.511846E-16
3526.545  2.347930E-16
3529.335  3.674329E-16
3532.126  4.771918E-16
3534.92  3.047069E-16
3537.715  3.190682E-16
3540.512  3.983278E-16
3543.311  2.003660E-16
3546.112  3.285900E-16
3548.914  2.971636E-16
3551.718  3.778489E-16
3554.524  4.608912E-16
3557.332  2.778203E-16
3560.141  2.995983E-16
3562.952  5.139489E-16
3565.765  4.230518E-16
3568.58  4.397788E-16
3571.396  5.746977E-16
3574.215  4.846383E-16
3577.035  6.162926E-16
3579.856  5.614986E-16
3582.68  5.466444E-16
3585.505  6.045258E-16
3588.332  5.350358E-16
3591.16  5.336525E-16
3593.991  5.735632E-16
3596.823  4.821222E-16
3599.657  6.816407E-16
3602.492  6.860559E-16
3605.33  6.152494E-16
3608.169  5.816381E-16
3611.009  6.482006E-16
3613.852  6.674549E-16
3616.696  6.558355E-16
3619.542  7.357128E-16
3622.389  6.191916E-16
3625.239  7.350019E-16
3628.089  7.938473E-16
3630.942  5.950230E-16
3633.796  5.829770E-16
3636.652  6.605226E-16
3639.51  7.497196E-16
3642.37  8.175268E-16
3645.231  8.446564E-16
3648.093  8.677278E-16
3650.958  9.371686E-16
3653.824  8.365937E-16
3656.692  8.568694E-16
3659.561  8.269425E-16
3662.432  9.237401E-16
3665.305  8.147294E-16
3668.179  8.145203E-16
3671.056  7.654549E-16
3673.933  8.976726E-16
3676.813  9.834426E-16
3679.694  1.060185E-15
3682.577  8.999838E-16
3685.461  8.577509E-16
3688.347  1.010500E-15
3691.235  9.427530E-16
3694.124  8.559784E-16
3697.015  9.535256E-16
3699.907  9.589609E-16
3702.802  1.018162E-15
3705.697  1.071218E-15
3708.595  1.181973E-15
3711.494  1.001906E-15
3714.395  9.897084E-16
3717.297  9.101604E-16
3720.201  1.023317E-15
3723.106  1.055838E-15
3726.013  9.615054E-16
3728.922  1.064567E-15
3731.833  1.115726E-15
3734.745  1.064645E-15
3737.658  1.014219E-15
3740.573  1.109685E-15
3743.49  1.032784E-15
3746.408  1.042564E-15
3749.328  1.050000E-15
3752.25  1.096705E-15
3755.173  1.098931E-15
3758.098  1.108457E-15
3761.024  1.119444E-15
3763.952  1.096942E-15
3766.881  1.007852E-15
3769.812  1.123447E-15
3772.745  1.046358E-15
3775.679  9.613296E-16
3778.615  1.059257E-15
3781.552  1.042325E-15
3784.491  1.055736E-15
3787.431  9.665388E-16
3790.373  1.069008E-15
3793.316  9.254032E-16
3796.261  1.037022E-15
3799.208  8.761316E-16
3802.156  8.018084E-16
3805.106  9.061367E-16
3808.057  8.850472E-16
3811.01  8.642366E-16
3813.964  7.439231E-16
3816.92  7.995002E-16
3819.877  7.602726E-16
3822.836  7.919113E-16
3825.797  7.653730E-16
3828.759  8.052400E-16
3831.722  8.741619E-16
3834.687  7.601768E-16
3837.653  8.309438E-16
3840.621  8.322217E-16
3843.591  7.579816E-16
3846.562  8.548357E-16
3849.534  7.876952E-16
3852.508  8.008137E-16
3855.484  7.135740E-16
3858.461  6.039087E-16
3861.439  6.251882E-16
3864.419  7.053342E-16
3867.401  7.351583E-16
3870.384  5.622193E-16
3873.368  5.807453E-16
3876.354  6.582810E-16
3879.342  6.238922E-16
3882.331  6.378301E-16
3885.321  5.869982E-16
3888.313  5.693771E-16
3891.306  5.877270E-16
3894.301  5.649532E-16
3897.297  5.901114E-16
3900.295  6.662642E-16
3903.294  6.517428E-16
3906.295  6.985692E-16
3909.297  5.538111E-16
3912.301  6.526431E-16
3915.305  7.033736E-16
3918.312  6.922333E-16
3921.32  6.626117E-16
3924.329  6.650477E-16
3927.34  7.366037E-16
3930.352  8.180075E-16
3933.366  8.055690E-16
3936.381  8.308364E-16
3939.397  7.639828E-16
3942.416  8.823059E-16
3945.435  9.454890E-16
3948.456  1.055994E-15
3951.478  1.061196E-15
3954.501  1.079842E-15
3957.527  1.036313E-15
3960.553  1.239435E-15
3963.581  1.154217E-15
3966.61  1.276406E-15
3969.641  1.294413E-15
3972.673  1.337846E-15
3975.707  1.437095E-15
3978.742  1.460597E-15
3981.778  1.408230E-15
3984.816  1.453216E-15
3987.855  1.513445E-15
3990.896  1.506885E-15
3993.937  1.500112E-15
3996.981  1.499444E-15
4000.025  1.528937E-15
4003.072  1.503676E-15
4006.119  1.486041E-15
4009.168  1.422930E-15
4012.218  1.546539E-15
4015.27  1.537936E-15
4018.323  1.454222E-15
4021.377  1.533070E-15
4024.433  1.456065E-15
4027.49  1.497502E-15
4030.548  1.566336E-15
4033.608  1.545686E-15
4036.669  1.695604E-15
4039.731  1.542844E-15
4042.795  1.547971E-15
4045.86  1.657618E-15
4048.927  1.497267E-15
4051.995  1.633019E-15
4055.064  1.673954E-15
4058.135  1.605814E-15
4061.207  1.529083E-15
4064.28  1.528740E-15
4067.354  1.510716E-15
4070.43  1.466993E-15
4073.508  1.488356E-15
4076.586  1.407152E-15
4079.666  1.468039E-15
4082.747  1.373716E-15
4085.83  1.406759E-15
4088.914  1.277443E-15
4091.999  1.417259E-15
4095.085  1.414818E-15
4098.173  1.381697E-15
4101.262  1.375922E-15
4104.353  1.375231E-15
4107.444  1.378266E-15
4110.538  1.448711E-15
4113.632  1.415840E-15
4116.728  1.370906E-15
4119.824  1.330553E-15
4122.922  1.403396E-15
4126.022  1.425598E-15
4129.123  1.348399E-15
4132.225  1.429179E-15
4135.329  1.533389E-15
4138.433  1.473272E-15
4141.539  1.584183E-15
4144.646  1.607269E-15
4147.755  1.565165E-15
4150.864  1.584084E-15
4153.976  1.617196E-15
4157.088  1.533357E-15
4160.201  1.547471E-15
4163.316  1.609496E-15
4166.432  1.616396E-15
4169.55  1.610366E-15
4172.668  1.583890E-15
4175.788  1.544359E-15
4178.909  1.566070E-15
4182.032  1.620793E-15
4185.155  1.598313E-15
4188.28  1.462660E-15
4191.406  1.459745E-15
4194.534  1.523322E-15
4197.662  1.513628E-15
4200.792  1.495080E-15
4203.923  1.480076E-15
4207.056  1.562069E-15
4210.189  1.461419E-15
4213.324  1.476637E-15
4216.46  1.443880E-15
4219.597  1.354267E-15
4222.736  1.441540E-15
4225.875  1.465197E-15
4229.016  1.354414E-15
4232.158  1.416746E-15
4235.302  1.347193E-15
4238.446  1.381658E-15
4241.592  1.372241E-15
4244.739  1.400561E-15
4247.887  1.387008E-15
4251.037  1.336719E-15
4254.187  1.509351E-15
4257.339  1.397605E-15
4260.492  1.401540E-15
4263.646  1.436049E-15
4266.801  1.505679E-15
4269.958  1.394687E-15
4273.116  1.473406E-15
4276.275  1.489460E-15
4279.435  1.521276E-15
4282.596  1.583015E-15
4285.759  1.484279E-15
4288.922  1.560430E-15
4292.087  1.482089E-15
4295.253  1.425746E-15
4298.42  1.472493E-15
4301.589  1.407750E-15
4304.758  1.381686E-15
4307.929  1.348377E-15
4311.101  1.317695E-15
4314.274  1.305375E-15
4317.448  1.414607E-15
4320.623  1.257535E-15
4323.8  1.306172E-15
4326.978  1.294592E-15
4330.156  1.260855E-15
4333.336  1.177196E-15
4336.517  1.199611E-15
4339.7  1.249495E-15
4342.883  1.211727E-15
4346.067  1.214151E-15
4349.253  1.128804E-15
4352.44  1.180461E-15
4355.628  1.146904E-15
4358.817  1.054905E-15
4362.007  1.119824E-15
4365.198  1.074794E-15
4368.391  1.076863E-15
4371.584  1.018560E-15
4374.779  1.040594E-15
4377.975  9.936427E-16
4381.172  1.014281E-15
4384.37  9.491564E-16
4387.569  9.614058E-16
4390.77  9.274913E-16
4393.971  1.014805E-15
4397.173  9.083913E-16
4400.377  9.615387E-16
4403.582  9.786214E-16
4406.788  9.420781E-16
4409.994  8.591041E-16
4413.203  9.327545E-16
4416.412  9.572483E-16
4419.622  9.461867E-16
4422.833  8.903885E-16
4426.045  9.319049E-16
4429.259  9.410799E-16
4432.474  9.539114E-16
4435.689  9.299640E-16
4438.906  9.765919E-16
4442.124  9.961807E-16
4445.343  9.928490E-16
4448.562  1.010631E-15
4451.784  9.751009E-16
4455.006  9.636651E-16
4458.229  1.015213E-15
4461.453  1.009072E-15
4464.678  1.011329E-15
4467.905  9.856752E-16
4471.132  1.007173E-15
4474.361  1.025541E-15
4477.59  1.019652E-15
4480.821  1.047472E-15
4484.053  1.041980E-15
4487.285  1.103852E-15
4490.519  1.065460E-15
4493.754  1.046020E-15
4496.99  1.065507E-15
4500.227  1.090572E-15
4503.465  1.050992E-15
4506.704  1.074355E-15
4509.944  1.090653E-15
4513.185  1.151871E-15
4516.427  1.133580E-15
4519.67  1.125291E-15
4522.914  1.160006E-15
4526.16  1.195951E-15
4529.406  1.174100E-15
4532.653  1.182765E-15
4535.901  1.186838E-15
4539.15  1.192227E-15
4542.401  1.157477E-15
4545.652  1.224496E-15
4548.905  1.245307E-15
4552.158  1.245376E-15
4555.412  1.247980E-15
4558.668  1.205620E-15
4561.924  1.257802E-15
4565.182  1.289119E-15
4568.44  1.281932E-15
4571.699  1.255244E-15
4574.96  1.304902E-15
4578.221  1.302132E-15
4581.483  1.318693E-15
4584.747  1.291306E-15
4588.011  1.307029E-15
4591.277  1.324215E-15
4594.543  1.324169E-15
4597.811  1.319805E-15
4601.079  1.368939E-15
4604.348  1.323872E-15
4607.619  1.293849E-15
4610.89  1.309152E-15
4614.162  1.263624E-15
4617.436  1.305888E-15
4620.709  1.322673E-15
4623.985  1.325018E-15
4627.261  1.376362E-15
4630.538  1.329761E-15
4633.816  1.358533E-15
4637.095  1.325230E-15
4640.375  1.380207E-15
4643.656  1.326664E-15
4646.938  1.331086E-15
4650.221  1.320845E-15
4653.505  1.319111E-15
4656.79  1.327602E-15
4660.076  1.271636E-15
4663.362  1.303827E-15
4666.65  1.322480E-15
4669.939  1.242916E-15
4673.229  1.276828E-15
4676.519  1.311214E-15
4679.81  1.262134E-15
4683.103  1.281226E-15
4686.396  1.298947E-15
4689.69  1.271617E-15
4692.985  1.302765E-15
4696.282  1.284739E-15
4699.579  1.319521E-15
4702.876  1.301051E-15
4706.176  1.319830E-15
4709.476  1.385867E-15
4712.776  1.361110E-15
4716.078  1.399008E-15
4719.38  1.348333E-15
4722.684  1.337446E-15
4725.988  1.364476E-15
4729.294  1.304814E-15
4732.6  1.295539E-15
4735.907  1.360465E-15
4739.215  1.315914E-15
4742.524  1.281100E-15
4745.834  1.329462E-15
4749.145  1.270462E-15
4752.457  1.224578E-15
4755.77  1.257564E-15
4759.083  1.246687E-15
4762.397  1.232532E-15
4765.712  1.167548E-15
4769.029  1.129787E-15
4772.346  1.131658E-15
4775.664  1.107522E-15
4778.982  1.101037E-15
4782.302  1.109122E-15
4785.623  1.109850E-15
4788.944  1.074320E-15
4792.267  1.052747E-15
4795.59  1.106724E-15
4798.914  1.026761E-15
4802.239  1.065097E-15
4805.565  1.079606E-15
4808.892  1.052018E-15
4812.22  1.022281E-15
4815.548  1.084121E-15
4818.877  1.025443E-15
4822.208  9.468344E-16
4825.539  9.768374E-16
4828.871  1.002616E-15
4832.204  9.458018E-16
4835.537  1.014912E-15
4838.872  1.017691E-15
4842.207  9.692074E-16
4845.543  1.021818E-15
4848.881  1.002225E-15
4852.219  1.013200E-15
4855.557  9.430189E-16
4858.897  9.854438E-16
4862.237  9.407895E-16
4865.579  9.792906E-16
4868.921  8.906220E-16
4872.264  8.815378E-16
4875.608  9.121806E-16
4878.953  9.173331E-16
4882.298  8.689261E-16
4885.645  8.760777E-16
4888.992  9.093665E-16
4892.34  8.770093E-16
4895.688  9.245574E-16
4899.038  9.180221E-16
4902.389  9.111056E-16
4905.74  9.247458E-16
4909.092  9.318487E-16
4912.445  9.241964E-16
4915.799  8.994631E-16
4919.153  9.299223E-16
4922.509  9.202170E-16
4925.865  9.213045E-16
4929.222  8.949350E-16
4932.58  9.119833E-16
4935.939  9.048771E-16
4939.298  9.291536E-16
4942.659  8.792887E-16
4946.02  8.909316E-16
4949.381  9.135203E-16
4952.744  8.730462E-16
4956.107  8.747457E-16
4959.472  8.323918E-16
4962.837  7.927451E-16
4966.203  8.597594E-16
4969.569  7.883031E-16
4972.937  7.728287E-16
4976.305  8.218654E-16
4979.674  7.724289E-16
4983.044  8.125393E-16
4986.415  8.184727E-16
4989.786  8.324848E-16
4993.158  8.874295E-16
4996.531  8.634984E-16
4999.905  9.004710E-16
5003.279  8.606544E-16
5006.654  9.458591E-16
5010.031  9.021929E-16
5013.407  9.972865E-16
5016.785  9.695875E-16
5020.163  9.740941E-16
5023.542  9.870671E-16
5026.922  9.428206E-16
5030.303  9.632731E-16
5033.684  9.354043E-16
5037.066  9.437327E-16
5040.449  8.858649E-16
5043.833  9.102373E-16
5047.218  8.872079E-16
5050.603  8.849707E-16
5053.989  8.304848E-16
5057.375  8.513166E-16
5060.763  7.792264E-16
5064.151  7.669161E-16
5067.54  8.372610E-16
5070.93  8.249055E-16
5074.32  8.008101E-16
5077.711  7.575987E-16
5081.103  7.940175E-16
5084.496  7.428276E-16
5087.889  7.334978E-16
5091.283  7.450701E-16
5094.678  7.884079E-16
5098.074  7.757165E-16
5101.47  7.669499E-16
5104.867  7.513871E-16
5108.265  7.797407E-16
5111.664  7.056031E-16
5115.063  7.388436E-16
5118.463  7.345287E-16
5121.863  7.703588E-16
5125.265  7.868002E-16
5128.667  7.530497E-16
5132.07  7.831058E-16
5135.473  7.529005E-16
5138.877  7.208467E-16
5142.283  8.060333E-16
5145.688  8.573167E-16
5149.095  8.073019E-16
5152.502  8.502229E-16
5155.91  8.379532E-16
5159.318  8.499921E-16
5162.728  8.471202E-16
5166.137  8.938666E-16
5169.548  8.946416E-16
5172.959  8.832704E-16
5176.372  9.041297E-16
5179.784  9.070497E-16
5183.198  9.489743E-16
5186.612  9.700732E-16
5190.026  9.910640E-16
5193.442  1.036122E-15
5196.858  1.008332E-15
5200.275  1.020221E-15
5203.693  1.036191E-15
5207.111  1.068091E-15
5210.53  1.100471E-15
5213.95  1.136102E-15
5217.37  1.075416E-15
5220.791  1.109574E-15
5224.213  1.148696E-15
5227.635  1.164968E-15
5231.058  1.140321E-15
5234.482  1.138200E-15
5237.906  1.190754E-15
5241.331  1.184433E-15
5244.757  1.208201E-15
5248.183  1.185058E-15
5251.61  1.194115E-15
5255.038  1.221097E-15
5258.466  1.167492E-15
5261.896  1.119947E-15
5265.325  1.177056E-15
5268.755  1.162336E-15
5272.187  1.177072E-15
5275.618  1.157571E-15
5279.051  1.227228E-15
5282.483  1.181672E-15
5285.917  1.196066E-15
5289.352  1.174286E-15
5292.787  1.160152E-15
5296.222  1.124578E-15
5299.658  1.155441E-15
5303.095  1.143072E-15
5306.533  1.142808E-15
5309.971  1.147456E-15
5313.41  1.180188E-15
5316.849  1.221013E-15
5320.29  1.214381E-15
5323.73  1.165920E-15
5327.171  1.176125E-15
5330.614  1.209932E-15
5334.056  1.204186E-15
5337.5  1.192081E-15
5340.943  1.189288E-15
5344.388  1.141867E-15
5347.833  1.160754E-15
5351.279  1.101294E-15
5354.726  1.140113E-15
5358.172  1.125016E-15
5361.62  1.079076E-15
5365.068  1.060089E-15
5368.518  1.009107E-15
5371.967  9.634682E-16
5375.417  1.037483E-15
5378.868  9.494328E-16
5382.319  9.042443E-16
5385.771  9.655921E-16
5389.224  8.994945E-16
5392.677  8.851769E-16
5396.131  9.114370E-16
5399.585  8.798984E-16
5403.041  8.562796E-16
5406.496  8.814711E-16
5409.953  8.251208E-16
5413.409  8.597126E-16
5416.867  8.600444E-16
5420.325  8.847900E-16
5423.784  9.244755E-16
5427.243  9.190265E-16
5430.703  9.145205E-16
5434.163  8.977318E-16
5437.625  9.254446E-16
5441.086  8.544394E-16
5444.548  8.781733E-16
5448.011  8.873181E-16
5451.475  8.404032E-16
5454.938  8.478874E-16
5458.403  9.190648E-16
5461.868  8.437547E-16
5465.334  8.684150E-16
5468.8  8.869594E-16
5472.268  8.605159E-16
5475.735  8.658142E-16
5479.203  8.889518E-16
5482.672  9.125283E-16
5486.141  8.874417E-16
5489.611  9.176634E-16
5493.082  9.146184E-16
5496.552  9.130919E-16
5500.024  8.900967E-16
5503.496  9.184678E-16
5506.969  9.323195E-16
5510.442  9.036961E-16
5513.916  9.571058E-16
5517.39  9.226505E-16
5520.865  9.319761E-16
5524.341  9.548500E-16
5527.817  9.267349E-16
5531.293  9.474835E-16
5534.771  9.583811E-16
5538.249  9.441087E-16
5541.727  8.819691E-16
5545.206  8.770407E-16
5548.685  8.880975E-16
5552.165  8.990302E-16
5555.646  9.120091E-16
5559.127  9.124233E-16
5562.608  9.270441E-16
5566.091  8.697727E-16
5569.574  9.006253E-16
5573.057  8.181571E-16
5576.541  8.296451E-16
5580.025  8.114597E-16
5583.51  7.855467E-16
5586.996  8.103215E-16
5590.481  7.733872E-16
5593.968  8.053637E-16
5597.455  7.889481E-16
5600.943  8.396822E-16
5604.431  8.250115E-16
5607.92  8.356216E-16
5611.409  8.897825E-16
5614.899  8.271707E-16
5618.389  8.897970E-16
5621.88  8.906168E-16
5625.371  8.552711E-16
5628.863  9.199489E-16
5632.355  9.185923E-16
5635.849  9.241026E-16
5639.342  9.582877E-16
5642.836  8.936176E-16
5646.331  9.898271E-16
5649.826  9.997705E-16
5653.321  9.912902E-16
5656.817  9.542491E-16
5660.314  9.478300E-16
5663.811  9.581547E-16
5667.309  9.850028E-16
5670.807  9.563415E-16
5674.305  9.679219E-16
5677.805  1.007167E-15
5681.304  9.729644E-16
5684.805  9.661195E-16
5688.305  9.427747E-16
5691.807  9.545001E-16
5695.308  9.922769E-16
5698.811  1.009938E-15
5702.313  9.788434E-16
5705.816  9.525781E-16
5709.32  1.041177E-15
5712.824  9.970714E-16
5716.329  9.598705E-16
5719.834  9.649767E-16
5723.34  9.453538E-16
5726.846  9.977693E-16
5730.353  1.019949E-15
5733.86  9.531278E-16
5737.368  9.940873E-16
5740.876  9.878181E-16
5744.385  9.677602E-16
5747.894  9.621880E-16
5751.404  9.258555E-16
5754.914  8.504105E-16
5758.425  9.460645E-16
5761.936  9.553218E-16
5765.448  9.400044E-16
5768.959  9.496854E-16
5772.472  9.389854E-16
5775.985  9.606283E-16
5779.499  9.032246E-16
5783.013  8.587816E-16
5786.528  9.120036E-16
5790.042  9.059526E-16
5793.558  8.557743E-16
5797.074  9.087014E-16
5800.59  8.788616E-16
5804.107  8.831234E-16
5807.625  8.408507E-16
5811.143  8.765646E-16
5814.661  8.515736E-16
5818.18  8.950681E-16
5821.699  8.124042E-16
5825.219  8.587593E-16
5828.739  8.300754E-16
5832.26  8.764479E-16
5835.781  8.058108E-16
5839.303  8.542763E-16
5842.825  8.232433E-16
5846.347  8.187564E-16
5849.87  8.467159E-16
5853.394  8.113540E-16
5856.917  8.757301E-16
5860.442  8.525259E-16
5863.967  8.441442E-16
5867.492  8.728904E-16
5871.018  8.545573E-16
5874.544  8.732601E-16
5878.071  9.025428E-16
5881.598  9.843717E-16
5885.125  8.849096E-16
5888.653  9.404071E-16
5892.182  8.754508E-16
5895.71  9.036930E-16
5899.24  8.319515E-16
5902.77  8.599426E-16
5906.3  8.275841E-16
5909.831  8.662797E-16
5913.362  8.873445E-16
5916.894  8.692239E-16
5920.425  8.770304E-16
5923.958  9.226701E-16
5927.491  8.796334E-16
5931.024  9.244697E-16
5934.558  9.500939E-16
5938.092  9.745326E-16
5941.627  9.280050E-16
5945.162  9.429010E-16
5948.697  1.020444E-15
5952.233  9.235587E-16
5955.77  9.753035E-16
5959.307  1.032702E-15
5962.844  9.768352E-16
5966.382  9.649025E-16
5969.92  9.462902E-16
5973.458  9.853504E-16
5976.997  1.029540E-15
5980.537  1.043148E-15
5984.077  1.024166E-15
5987.617  9.908362E-16
5991.157  1.003967E-15
5994.698  9.834381E-16
5998.24  9.789397E-16
6001.782  1.012515E-15
6005.324  1.042625E-15
6008.867  9.956825E-16
6012.41  9.810086E-16
6015.954  9.634913E-16
6019.498  9.774719E-16
6023.042  9.389919E-16
6026.587  9.237934E-16
6030.132  8.760627E-16
6033.678  9.241218E-16
6037.224  9.126034E-16
6040.771  9.247881E-16
6044.318  9.405602E-16
6047.865  9.449546E-16
6051.413  9.038708E-16
6054.961  9.267666E-16
6058.509  9.516426E-16
6062.059  9.289476E-16
6065.608  9.015040E-16
6069.158  9.107097E-16
6072.708  9.442234E-16
6076.258  9.389189E-16
6079.809  9.511389E-16
6083.361  9.559945E-16
6086.913  9.344461E-16
6090.465  9.248059E-16
6094.017  9.317394E-16
6097.57  9.020627E-16
6101.124  9.127339E-16
6104.677  9.145999E-16
6108.231  8.520402E-16
6111.786  8.669464E-16
6115.341  8.728292E-16
6118.896  8.542735E-16
6122.452  8.536220E-16
6126.008  9.191742E-16
6129.565  9.040725E-16
6133.122  8.547007E-16
6136.679  8.743050E-16
6140.237  8.561270E-16
6143.795  8.502434E-16
6147.353  8.441325E-16
6150.912  8.751739E-16
6154.471  8.715000E-16
6158.031  9.521308E-16
6161.591  9.863241E-16
6165.151  1.031235E-15
6168.712  9.227105E-16
6172.273  9.246279E-16
6175.835  9.137915E-16
6179.396  9.434374E-16
6182.959  9.037560E-16
6186.521  8.974136E-16
6190.084  8.308130E-16
6193.648  8.262946E-16
6197.212  7.891840E-16
6200.776  8.078325E-16
6204.341  7.643247E-16
6207.906  7.590101E-16
6211.471  7.698141E-16
6215.037  6.938246E-16
6218.603  6.688918E-16
6222.169  6.665353E-16
6225.736  6.689761E-16
6229.303  6.157796E-16
6232.871  6.367396E-16
6236.438  5.277433E-16
6240.007  5.739179E-16
6243.575  5.418156E-16
6247.144  5.122732E-16
6250.713  4.895246E-16
6254.283  4.590995E-16
6257.854  4.348426E-16
6261.424  4.346698E-16
6264.995  4.300868E-16
6268.566  3.990850E-16
6272.137  3.939306E-16
6275.709  3.678263E-16
6279.281  3.914350E-16
6282.854  3.383454E-16
6286.427  3.376925E-16
6290.  3.375696E-16
6293.574  3.821180E-16
6297.148  3.645139E-16
6300.723  3.704024E-16
6304.297  3.762884E-16
6307.872  3.821769E-16
6311.448  4.272189E-16
6315.023  4.405824E-16
6318.6  5.072407E-16
6322.176  4.911993E-16
6325.753  4.978310E-16
6329.33  5.484439E-16
6332.908  5.890503E-16
6336.486  5.939019E-16
6340.064  5.623455E-16
6343.643  5.672854E-16
6347.222  6.244949E-16
6350.801  6.496377E-16
6354.38  6.566711E-16
6357.96  6.612417E-16
6361.541  6.837552E-16
6365.122  7.072340E-16
6368.703  7.062385E-16
6372.284  6.716502E-16
6375.866  7.390942E-16
6379.448  7.285418E-16
6383.03  6.987564E-16
6386.613  7.177463E-16
6390.196  7.529400E-16
6393.779  7.573740E-16
6397.363  7.533896E-16
6400.947  7.352988E-16
6404.531  7.607818E-16
6408.116  7.418759E-16
6411.701  7.748105E-16
6415.287  7.547406E-16
6418.873  7.029020E-16
6422.458  7.262435E-16
6426.045  7.556865E-16
6429.631  7.558342E-16
6433.219  7.121831E-16
6436.806  7.354634E-16
6440.394  7.277910E-16
6443.982  7.202018E-16
6447.57  7.310913E-16
6451.159  7.132102E-16
6454.748  7.284007E-16
6458.337  7.200956E-16
6461.927  7.267823E-16
6465.517  7.376569E-16
6469.107  6.889347E-16
6472.698  7.013147E-16
6476.289  7.100558E-16
6479.88  6.994886E-16
6483.472  6.860669E-16
6487.064  7.063355E-16
6490.657  6.890369E-16
6494.249  7.018064E-16
6497.842  7.032742E-16
6501.436  7.042082E-16
6505.029  7.117278E-16
6508.623  6.923593E-16
6512.217  6.828305E-16
6515.812  7.237781E-16
6519.406  6.711210E-16
6523.001  6.667487E-16
6526.597  6.951245E-16
6530.193  6.656582E-16
6533.789  6.685251E-16
6537.386  6.527054E-16
6540.982  6.881263E-16
6544.58  6.945139E-16
6548.177  6.643447E-16
6551.774  6.877919E-16
6555.373  6.696576E-16
6558.971  6.724435E-16
6562.569  6.657366E-16
6566.168  6.870753E-16
6569.768  6.145175E-16
6573.367  6.877856E-16
6576.967  6.413392E-16
6580.567  6.318992E-16
6584.168  6.942466E-16
6587.769  6.743857E-16
6591.37  6.394731E-16
6594.971  6.750764E-16
6598.573  6.448729E-16
6602.175  7.065904E-16
6605.777  7.155928E-16
6609.38  6.543696E-16
6612.983  6.903201E-16
6616.586  7.117969E-16
6620.19  7.070479E-16
6623.793  6.179464E-16
6627.398  7.028256E-16
6631.002  6.728918E-16
6634.607  6.528448E-16
6638.212  6.898335E-16
6641.817  6.712131E-16
6645.423  7.028009E-16
6649.029  6.760741E-16
6652.636  6.693781E-16
6656.242  6.468703E-16
6659.849  6.702323E-16
6663.456  6.642151E-16
6667.063  6.851229E-16
6670.671  6.605282E-16
6674.279  6.663034E-16
6677.888  6.554512E-16
6681.497  6.760554E-16
6685.105  6.518983E-16
6688.715  6.567304E-16
6692.324  6.610294E-16
6695.934  6.538896E-16
6699.544  6.550847E-16
6703.155  6.562802E-16
6706.766  6.574758E-16
6710.376  6.788975E-16
6713.988  6.238584E-16
6717.6  6.797794E-16
6721.211  6.305319E-16
6724.824  5.873957E-16
6728.436  6.592509E-16
6732.049  6.539674E-16
6735.662  6.068354E-16
6739.275  6.525219E-16
6742.889  6.079022E-16
6746.503  6.015887E-16
6750.117  5.661851E-16
6753.731  6.105035E-16
6757.346  5.680379E-16
6760.961  6.084177E-16
6764.577  5.988545E-16
6768.192  6.248919E-16
6771.809  5.945731E-16
6775.425  6.118916E-16
6779.041  5.796561E-16
6782.658  6.041200E-16
6786.275  5.538137E-16
6789.893  5.768065E-16
6793.51  5.628765E-16
6797.128  5.807992E-16
6800.746  5.799682E-16
6804.365  5.869189E-16
6807.983  5.903660E-16
6811.603  6.236838E-16
6815.222  5.862719E-16
6818.842  5.555950E-16
6822.461  5.839901E-16
6826.082  5.835643E-16
6829.702  4.968013E-16
6833.323  5.574328E-16
6836.944  5.621557E-16
6840.565  5.656362E-16
6844.187  5.306167E-16
6847.809  5.860472E-16
6851.431  5.554139E-16
6855.054  5.559482E-16
6858.676  5.575617E-16
6862.299  5.286770E-16
6865.922  4.755130E-16
6869.546  4.578925E-16
6873.17  4.078780E-16
6876.794  4.366568E-16
6880.418  4.906611E-16
6884.043  5.191033E-16
6887.668  5.178921E-16
6891.293  5.095566E-16
6894.919  4.747709E-16
6898.544  4.459063E-16
6902.171  4.903858E-16
6905.797  5.052771E-16
6909.423  5.415569E-16
6913.05  5.189847E-16
6916.678  5.020250E-16
6920.305  4.619598E-16
6923.933  5.019993E-16
6927.561  4.912130E-16
6931.189  4.682780E-16
6934.817  5.427347E-16
6938.446  5.414267E-16
6942.075  4.802100E-16
6945.705  4.721028E-16
6949.334  5.508612E-16
6952.964  5.280207E-16
6956.594  4.930299E-16
6960.225  4.960191E-16
6963.855  4.945862E-16
6967.486  4.720410E-16
6971.118  5.091265E-16
6974.749  4.968129E-16
6978.381  5.032886E-16
6982.013  4.883881E-16
6985.645  4.777104E-16
6989.278  4.881818E-16
6992.911  4.968299E-16
6996.543  5.349115E-16
7000.177  5.245435E-16
7003.811  5.195125E-16
7007.444  5.155267E-16
7011.079  4.892058E-16
7014.713  5.349894E-16
7018.348  5.182848E-16
7021.983  4.803010E-16
7025.618  4.816193E-16
7029.253  5.233495E-16
7032.89  4.692495E-16
7036.525  4.674806E-16
7040.162  4.539645E-16
7043.798  4.762106E-16
7047.435  4.683701E-16
7051.072  4.588902E-16
7054.71  4.513830E-16
7058.347  4.908385E-16
7061.985  4.648102E-16
7065.624  5.125704E-16
7069.262  5.058903E-16
7072.9  4.601150E-16
7076.54  4.756412E-16
7080.179  5.024258E-16
7083.818  4.954202E-16
7087.458  4.602061E-16
7091.098  4.537199E-16
7094.738  4.752240E-16
7098.379  4.329083E-16
7102.02  4.558515E-16
7105.661  4.319692E-16
7109.302  4.732199E-16
7112.944  4.411437E-16
7116.586  4.547881E-16
7120.228  4.546042E-16
7123.87  4.487683E-16
7127.513  4.515030E-16
7131.156  3.990382E-16
7134.799  4.265643E-16
7138.442  4.119310E-16
7142.086  4.623004E-16
7145.73  4.515938E-16
7149.375  4.442028E-16
7153.019  4.008021E-16
7156.664  5.135396E-16
7160.309  4.260219E-16
7163.954  4.428660E-16
7167.6  4.120336E-16
7171.245  3.958488E-16
7174.891  4.375127E-16
7178.538  4.306213E-16
7182.184  4.221452E-16
7185.831  3.715664E-16
7189.478  4.525159E-16
7193.125  3.571655E-16
7196.773  3.993906E-16
7200.421  4.085652E-16
7204.069  3.901319E-16
7207.718  4.040294E-16
7211.366  4.112684E-16
7215.015  3.798928E-16
7218.665  4.446636E-16
7222.314  4.571973E-16
7225.963  4.031302E-16
7229.614  3.970650E-16
7233.264  4.479806E-16
7236.914  3.889041E-16
7240.565  4.051049E-16
7244.216  3.558399E-16
7247.867  3.722885E-16
7251.519  4.540181E-16
7255.17  3.986337E-16
7258.823  4.266689E-16
7262.475  3.936114E-16
7266.127  3.998151E-16
7269.78  4.315329E-16
7273.434  4.239388E-16
7277.087  3.583264E-16
7280.74  4.136353E-16
7284.394  3.897438E-16
7288.048  3.505488E-16
7291.703  4.027589E-16
7295.357  4.259429E-16
7299.012  4.112116E-16
7302.667  4.118140E-16
7306.323  3.823405E-16
7309.979  3.813202E-16
7313.634  3.854717E-16
7317.291  4.180312E-16
7320.947  4.470361E-16
7324.604  4.649573E-16
7328.261  4.509657E-16
7331.918  4.470097E-16
7335.576  4.316476E-16
7339.233  4.271494E-16
7342.891  4.408040E-16
7346.549  4.284288E-16
7350.208  4.641678E-16
7353.867  4.044062E-16
7357.526  4.013731E-16
7361.185  4.165014E-16
7364.845  4.289615E-16
7368.504  3.919793E-16
7372.165  4.128928E-16
7375.825  3.898079E-16
7379.485  4.500399E-16
7383.146  4.395891E-16
7386.808  4.794376E-16
7390.469  4.337079E-16
7394.13  4.015271E-16
7397.792  4.074010E-16
7401.455  4.167585E-16
7405.117  4.293275E-16
7408.78  3.896247E-16
7412.443  4.362141E-16
7416.106  4.404437E-16
7419.77  3.866685E-16
7423.433  4.023693E-16
7427.097  4.135947E-16
7430.761  4.407801E-16
7434.426  4.531917E-16
7438.09  3.461454E-16
7441.755  4.451515E-16
7445.421  4.062060E-16
7449.086  3.772220E-16
7452.752  4.257363E-16
7456.418  4.415050E-16
7460.084  3.516135E-16
7463.751  3.705824E-16
7467.418  4.002959E-16
7471.085  4.153921E-16
7474.752  3.401954E-16
7478.42  3.668035E-16
7482.088  3.677643E-16
7485.756  3.779640E-16
7489.424  3.719516E-16
7493.093  3.904833E-16
7496.762  3.693004E-16
7500.431  3.942961E-16
7504.101  3.398241E-16
7507.771  3.476707E-16
7511.44  3.386115E-16
7515.111  3.929727E-16
7518.781  3.717847E-16
7522.452  3.534293E-16
7526.123  3.664262E-16
7529.794  3.154093E-16
7533.466  2.944709E-16
7537.138  2.708946E-16
7540.81  3.383544E-16
7544.482  3.042742E-16
7548.155  3.180988E-16
7551.828  3.473900E-16
7555.501  3.066954E-16
7559.174  2.752199E-16
7562.848  2.995373E-16
7566.522  3.521835E-16
7570.196  3.018206E-16
7573.871  3.159996E-16
7577.545  3.549313E-16
7581.22  2.804454E-16
7584.896  2.933496E-16
7588.571  3.399812E-16
7592.247  2.509115E-16
7595.923  2.064410E-16
7599.599  8.294222E-17
7603.276  9.628002E-17
7606.953  8.434570E-17
7610.63  1.238412E-16
7614.307  1.498987E-16
7617.985  1.994844E-16
7621.663  1.945165E-16
7625.341  1.371253E-16
7629.02  1.157124E-16
7632.698  1.046028E-16
7636.377  1.608243E-16
7640.057  1.272712E-16
7643.736  2.103284E-16
7647.416  1.979060E-16
7651.096  1.562621E-16
7654.776  1.457443E-16
7658.457  2.017220E-16
7662.138  2.127232E-16
7665.819  2.327140E-16
7669.5  2.423918E-16
7673.182  2.364616E-16
7676.864  2.621845E-16
7680.546  2.358541E-16
7684.229  1.988698E-16
7687.912  2.359022E-16
7691.595  2.733459E-16
7695.278  2.157767E-16
7698.961  2.805272E-16
7702.646  2.904988E-16
7706.33  2.325902E-16
7710.014  2.232702E-16
7713.699  2.573848E-16
7717.384  2.621141E-16
7721.069  3.074340E-16
7724.754  2.753302E-16
7728.44  1.993180E-16
7732.126  2.319183E-16
7735.813  2.531998E-16
7739.499  2.462911E-16
7743.186  2.341311E-16
7746.873  2.773552E-16
7750.561  2.647651E-16
7754.249  1.791130E-16
7757.937  2.497409E-16
7761.625  2.438954E-16
7765.313  2.536432E-16
7769.002  2.978784E-16
7772.691  3.129085E-16
7776.38  2.552145E-16
7780.07  2.526596E-16
7783.76  2.132953E-16
7787.45  2.275060E-16
7791.141  2.326680E-16
7794.832  2.505694E-16
7798.522  2.879031E-16
7802.214  2.666611E-16
7805.905  2.476465E-16
7809.597  2.868699E-16
7813.29  2.399796E-16
7816.982  2.539652E-16
7820.675  2.461499E-16
7824.368  2.076882E-16
7828.061  2.657571E-16
7831.754  1.811083E-16
7835.448  2.688724E-16
7839.143  2.796017E-16
7842.837  2.893636E-16
7846.532  2.704455E-16
7850.227  2.767777E-16
7853.922  2.740587E-16
7857.617  3.461588E-16
7861.313  2.695130E-16
7865.009  2.750781E-16
7868.706  2.693477E-16
7872.402  2.610268E-16
7876.1  3.588580E-16
7879.797  2.704875E-16
7883.494  2.824970E-16
7887.192  3.117014E-16
7890.89  2.211403E-16
7894.589  2.651430E-16
7898.288  3.199993E-16
7901.986  3.013157E-16
7905.686  3.174354E-16
7909.385  2.843134E-16
7913.085  3.704855E-16
7916.786  2.607207E-16
7920.486  3.324662E-16
7924.187  2.791494E-16
7927.888  3.572850E-16
7931.589  3.204734E-16
7935.291  3.374745E-16
7938.993  3.752661E-16
7942.695  3.584764E-16
7946.397  3.473618E-16
7950.1  2.618950E-16
7953.803  3.711810E-16
7957.507  3.341332E-16
7961.21  3.594782E-16
7964.915  2.936572E-16
7968.619  3.188337E-16
7972.323  3.736268E-16
7976.028  3.433470E-16
7979.733  3.181716E-16
7983.439  4.018998E-16
7987.145  3.376223E-16
7990.851  4.027197E-16
7994.557  3.993162E-16
7998.264  3.566150E-16
8001.971  3.363403E-16
8005.678  4.223677E-16
8009.385  3.472771E-16
8013.093  3.614636E-16
8016.802  3.184114E-16
8020.51  3.434431E-16
8024.219  3.317092E-16
8027.928  3.887363E-16
8031.637  3.367403E-16
8035.347  4.111015E-16
8039.057  3.955983E-16
8042.767  3.699983E-16
8046.478  4.228593E-16
8050.189  3.985846E-16
8053.9  3.962454E-16
8057.612  4.159780E-16
8061.324  4.144521E-16
8065.036  3.626870E-16
8068.748  3.731040E-16
8072.461  3.413168E-16
8076.174  4.009482E-16
8079.887  3.499958E-16
8083.601  4.000223E-16
8087.315  4.407250E-16
8091.029  3.778100E-16
8094.744  3.391273E-16
8098.459  4.430351E-16
8102.174  3.350927E-16
8105.89  3.780133E-16
8109.606  4.259978E-16
8113.322  3.840164E-16
8117.039  4.634525E-16
8120.755  3.516652E-16
8124.473  4.075550E-16
8128.19  4.139604E-16
8131.908  3.755643E-16
8135.626  3.773184E-16
8139.344  4.174948E-16
8143.063  3.689164E-16
8146.782  4.170993E-16
8150.501  3.160179E-16
8154.221  3.476387E-16
8157.941  3.864210E-16
8161.662  3.379345E-16
8165.382  3.976944E-16
8169.104  3.035399E-16
8172.825  3.650240E-16
8176.546  2.919093E-16
8180.269  3.555519E-16
8183.991  3.888528E-16
8187.713  3.526557E-16
8191.436  3.394825E-16
8195.159  3.163755E-16
8198.883  2.972317E-16
8202.607  3.319340E-16
8206.331  3.516123E-16
8210.056  3.295033E-16
8213.781  3.744346E-16
8217.506  3.201862E-16
8221.231  3.218576E-16
8224.958  3.235293E-16
8228.684  3.252007E-16
8232.41  3.220690E-16
8236.138  3.822975E-16
8239.864  3.884925E-16
8243.592  3.772851E-16
8247.32  3.141244E-16
8251.049  3.675974E-16
8254.777  3.385477E-16
8258.506  3.093186E-16
8262.235  3.663491E-16
8265.965  3.076385E-16
8269.695  2.713359E-16
8273.425  3.105727E-16
8277.155  2.677448E-16
8280.887  3.727132E-16
8284.618  3.137641E-16
8288.35  3.304310E-16
8292.082  3.317317E-16
8295.814  2.557739E-16
8299.547  2.707799E-16
8303.279  3.465788E-16
8307.013  3.119790E-16
8310.747  2.644357E-16
8314.48  3.093690E-16
8318.216  2.967066E-16
8321.95  4.239202E-16
8325.686  3.194788E-16
8329.421  4.425526E-16
8333.156  3.106458E-16
8336.893  3.580760E-16
8340.629  3.375941E-16
8344.366  3.493556E-16
8348.104  3.750153E-16
8351.841  3.130063E-16
8355.579  3.511851E-16
8359.317  3.381857E-16
8363.056  3.389990E-16
8366.795  2.603519E-16
8370.534  2.318161E-16
8374.273  3.279568E-16
8378.014  2.306631E-16
8381.754  2.289214E-16
8385.495  2.287094E-16
8389.236  2.335715E-16
8392.978  2.279002E-16
8396.72  3.161473E-16
8400.462  2.497482E-16
8404.204  2.075364E-16
8407.947  2.900506E-16
8411.69  1.946339E-16
8415.435  2.287708E-16
8419.179  1.855702E-16
8422.923  2.380614E-16
8426.668  2.134910E-16
8430.413  2.709572E-16
8434.158  2.564960E-16
8437.904  2.680833E-16
8441.65  2.179523E-16
8445.397  1.737400E-16
8449.145  2.868711E-16
8452.892  2.578533E-16
8456.64  2.546091E-16
8460.388  2.556538E-16
8464.136  2.318737E-16
8467.885  2.702334E-16
8471.634  3.149071E-16
8475.384  3.185996E-16
8479.134  2.711575E-16
8482.884  2.726115E-16
8486.635  2.400805E-16
8490.386  2.702617E-16
8494.138  3.235355E-16
8497.89  3.298637E-16
8501.642  3.299726E-16
8505.395  3.064236E-16
8509.147  3.059705E-16
8512.901  3.390348E-16
8516.654  3.185363E-16
8520.409  3.208291E-16
8524.163  3.666704E-16
8527.919  3.635068E-16
8531.674  3.596878E-16
8535.43  3.641548E-16
8539.186  2.716107E-16
8542.942  3.404876E-16
8546.699  4.332744E-16
8550.457  3.670041E-16
8554.215  3.177031E-16
8557.973  3.332197E-16
8561.731  3.558547E-16
8565.49  2.796829E-16
8569.249  3.552402E-16
8573.009  2.816445E-16
8576.77  3.251727E-16
8580.529  3.230897E-16
8584.29  3.157282E-16
8588.052  3.363511E-16
8591.813  3.577044E-16
8595.575  3.317058E-16
8599.338  4.035062E-16
8603.101  3.474001E-16
8606.864  3.700389E-16
8610.628  3.733464E-16
8614.393  3.981967E-16
8618.157  4.256624E-16
8621.922  3.819018E-16
8625.688  4.202632E-16
8629.453  3.661555E-16
8633.219  4.450680E-16
8636.985  4.719319E-16
8640.753  3.773887E-16
8644.521  4.002499E-16
8648.288  4.325848E-16
8652.057  4.130788E-16
8655.825  4.186263E-16
8659.594  4.766698E-16
8663.363  4.076081E-16
8667.134  4.347239E-16
8670.903  4.922043E-16
8674.675  3.969958E-16
8678.445  4.404387E-16
8682.217  4.936022E-16
8685.989  4.584358E-16
8689.762  4.761798E-16
8693.534  4.583145E-16
8697.308  3.965641E-16
8701.082  4.496470E-16
8704.855  4.890677E-16
8708.63  4.959427E-16
8712.405  5.170670E-16
8716.181  4.341308E-16
8719.957  4.716159E-16
8723.733  5.150574E-16
8727.51  5.185561E-16
8731.287  4.884142E-16
8735.064  4.917639E-16
8738.843  4.301958E-16
8742.621  4.611065E-16
8746.399  4.957269E-16
8750.18  5.109900E-16
8753.959  4.363281E-16
8757.739  4.076524E-16
8761.52  4.409755E-16
8765.301  3.995953E-16
8769.083  5.438955E-16
8772.864  6.129776E-16
8776.647  5.545074E-16
8780.43  4.544294E-16
8784.213  4.101163E-16
8787.997  4.471340E-16
8791.781  4.935764E-16
8795.566  4.000371E-16
8799.352  3.880245E-16
8803.137  3.806557E-16
8806.923  4.237065E-16
8810.709  4.948773E-16
8814.496  4.860008E-16
8818.284  4.748561E-16
8822.071  4.568584E-16
8825.86  5.050194E-16
8829.648  4.837941E-16
8833.437  4.292290E-16
8837.228  4.182512E-16
8841.018  5.309120E-16
8844.809  5.400042E-16
8848.6  4.707727E-16
8852.392  5.318133E-16
8856.184  4.943915E-16
8859.976  4.696520E-16
8863.769  4.851438E-16
8867.563  4.279134E-16
8871.355  5.241385E-16
8875.15  5.790258E-16
8878.945  5.065576E-16
8882.74  5.812750E-16
8886.536  4.011370E-16
8890.332  4.937247E-16
8894.129  5.463408E-16
8897.927  5.879969E-16
8901.725  4.386604E-16
8905.522  5.058661E-16
8909.321  5.855442E-16
8913.12  5.091779E-16
8916.92  3.750772E-16
8920.72  6.135901E-16
8924.521  5.451240E-16
8928.321  4.083818E-16
8932.123  6.157091E-16
8935.925  5.715923E-16
8939.728  5.351909E-16
8943.53  5.683011E-16
8947.334  4.559565E-16
8951.138  5.377581E-16
8954.942  4.821418E-16
8958.748  5.469685E-16
8962.553  5.784430E-16
8966.359  6.274494E-16
8970.165  5.696852E-16
8973.973  4.980464E-16
8977.78  4.609415E-16
8981.588  4.775688E-16
8985.396  4.330799E-16
8989.205  4.844505E-16
8993.015  4.473861E-16
8996.825  3.949947E-16
9000.636  3.718015E-16
9004.446  3.343655E-16
9008.258  4.865130E-16
9012.069  5.088192E-16
9015.882  3.826572E-16
9019.695  4.327579E-16
9023.509  4.636476E-16
9027.323  4.550751E-16
9031.138  4.092687E-16
9034.952  5.245049E-16
9038.769  4.995938E-16
9042.584  4.353373E-16
9046.401  4.315339E-16
9050.218  4.025723E-16
9054.036  3.841140E-16
9057.854  4.292421E-16
9061.673  4.166309E-16
9065.492  3.034139E-16
9069.312  3.446989E-16
9073.132  3.138830E-16
9076.953  4.582029E-16
9080.774  4.597504E-16
9084.596  5.064937E-16
9088.418  4.006728E-16
9092.241  4.494871E-16
9096.064  4.576918E-16
9099.889  4.514367E-16
9103.714  3.067608E-16
9107.538  3.920182E-16
9111.364  3.206559E-16
9115.19  3.496232E-16
9119.017  3.239181E-16
9122.845  3.105261E-16
9126.672  2.914757E-16
9130.5  2.588095E-16
9134.329  2.357760E-16
9138.158  2.027859E-16
9141.988  2.280273E-16
9145.819  2.373433E-16
