3262.14575195 1.31605e-16
3264.32895654 2.93388e-16
3266.51216112 2.59318e-16
3268.6953657 3.16556e-16
3270.87857029 4.58673e-16
3273.06177487 3.54537e-16
3275.24497945 1.80666e-16
3277.42818404 2.0088e-16
3279.61138862 2.56035e-16
3281.79459321 1.46261e-16
3283.97779779 1.61243e-16
3286.16100237 2.98294e-16
3288.34420696 2.97996e-16
3290.52741154 3.99035e-17
3292.71061612 1.05725e-16
3294.89382071 2.91187e-16
3297.07702529 2.86565e-16
3299.26022987 -3.74273e-17
3301.44343446 -1.97343e-17
3303.62663904 2.1382e-16
3305.80984363 2.1002e-16
3307.99304821 7.31569e-17
3310.17625279 2.12078e-16
3312.35945738 2.00776e-16
3314.54266196 6.28939e-17
3316.72586654 1.55258e-16
3318.90907113 1.48265e-16
3321.09227571 2.00471e-16
3323.27548029 3.11076e-16
3325.45868488 2.72782e-16
3327.64188946 1.84345e-16
3329.82509405 1.87679e-16
3332.00829863 2.4558e-16
3334.19150321 2.14773e-16
3336.3747078 1.91603e-16
3338.55791238 1.92974e-16
3340.74111696 1.60159e-16
3342.92432155 1.56483e-16
3345.10752613 1.62085e-16
3347.29073071 7.69203e-17
3349.4739353 2.25952e-16
3351.65713988 1.09683e-16
3353.84034447 2.35989e-16
3356.02354905 1.79105e-16
3358.20675363 2.42695e-16
3360.38995822 5.01486e-17
3362.5731628 1.35865e-16
3364.75636738 1.64469e-16
3366.93957197 1.95601e-16
3369.12277655 2.99236e-16
3371.30598113 3.17116e-16
3373.48918572 3.15797e-16
3375.6723903 1.8653e-16
3377.85559489 1.71099e-16
3380.03879947 1.92935e-16
3382.22200405 2.58426e-16
3384.40520864 1.34015e-16
3386.58841322 1.5201e-16
3388.7716178 2.6801e-16
3390.95482239 2.37686e-16
3393.13802697 1.5898e-16
3395.32123155 2.25717e-16
3397.50443614 2.4811e-16
3399.68764072 2.43796e-16
3401.87084531 2.90117e-16
3404.05404989 2.72081e-16
3406.23725447 2.22554e-16
3408.42045906 2.2491e-16
3410.60366364 2.44962e-16
3412.78686822 2.79694e-16
3414.97007281 3.07051e-16
3417.15327739 2.48117e-16
3419.33648197 2.48463e-16
3421.51968656 2.38094e-16
3423.70289114 2.34436e-16
3425.88609573 2.3387e-16
3428.06930031 1.64605e-16
3430.25250489 2.40471e-16
3432.43570948 2.017e-16
3434.61891406 2.77537e-16
3436.80211864 2.9819e-16
3438.98532323 2.35079e-16
3441.16852781 2.85171e-16
3443.35173239 2.15017e-16
3445.53493698 2.44738e-16
3447.71814156 2.33916e-16
3449.90134614 1.94264e-16
3452.08455073 3.30445e-16
3454.26775531 2.27205e-16
3456.4509599 2.07685e-16
3458.63416448 2.65463e-16
3460.81736906 2.76622e-16
3463.00057365 3.4361e-16
3465.18377823 2.99389e-16
3467.36698281 2.39537e-16
3469.5501874 3.06735e-16
3471.73339198 2.80261e-16
3473.91659656 2.71217e-16
3476.09980115 2.7082e-16
3478.28300573 3.81381e-16
3480.46621032 4.20083e-16
3482.6494149 2.98754e-16
3484.83261948 2.67357e-16
3487.01582407 2.4232e-16
3489.19902865 3.3328e-16
3491.38223323 3.78761e-16
3493.56543782 3.0716e-16
3495.7486424 3.67254e-16
3497.93184698 3.47892e-16
3500.11505157 2.93463e-16
3502.29825615 2.56713e-16
3504.48146074 3.11054e-16
3506.66466532 3.31709e-16
3508.8478699 3.90136e-16
3511.03107449 3.30648e-16
3513.21427907 1.92422e-16
3515.39748365 2.10588e-16
3517.58068824 3.08432e-16
3519.76389282 3.13389e-16
3521.9470974 2.69801e-16
3524.13030199 3.03589e-16
3526.31350657 2.90259e-16
3528.49671116 2.48141e-16
3530.67991574 2.25342e-16
3532.86312032 2.66508e-16
3535.04632491 3.38036e-16
3537.22952949 2.92604e-16
3539.41273407 3.24928e-16
3541.59593866 2.53882e-16
3543.77914324 2.03084e-16
3545.96234782 2.10665e-16
3548.14555241 2.00134e-16
3550.32875699 2.43848e-16
3552.51196158 2.45328e-16
3554.69516616 2.4109e-16
3556.87837074 2.63955e-16
3559.06157533 2.37857e-16
3561.24477991 2.52571e-16
3563.42798449 3.05879e-16
3565.61118908 2.58008e-16
3567.79439366 2.63474e-16
3569.97759824 2.61993e-16
3572.16080283 2.2298e-16
3574.34400741 2.45779e-16
3576.527212 3.37206e-16
3578.71041658 2.99752e-16
3580.89362116 2.07057e-16
3583.07682575 1.99341e-16
3585.26003033 2.49795e-16
3587.44323491 2.76726e-16
3589.6264395 2.5031e-16
3591.80964408 2.78798e-16
3593.99284866 3.23988e-16
3596.17605325 3.53757e-16
3598.35925783 2.72625e-16
3600.54246242 2.54659e-16
3602.725667 2.79081e-16
3604.90887158 2.58909e-16
3607.09207617 2.66195e-16
3609.27528075 2.37393e-16
3611.45848533 2.89477e-16
3613.64168992 3.02289e-16
3615.8248945 2.2266e-16
3618.00809908 2.04624e-16
3620.19130367 2.526e-16
3622.37450825 2.86529e-16
3624.55771284 2.77332e-16
3626.74091742 3.17818e-16
3628.924122 3.09321e-16
3631.10732659 2.8728e-16
3633.29053117 3.03606e-16
3635.47373575 3.24257e-16
3637.65694034 3.03559e-16
3639.84014492 2.44971e-16
3642.0233495 2.00462e-16
3644.20655409 2.54136e-16
3646.38975867 2.75739e-16
3648.57296326 2.05409e-16
3650.75616784 1.72231e-16
3652.93937242 2.00624e-16
3655.12257701 3.08883e-16
3657.30578159 2.57643e-16
3659.48898617 2.30889e-16
3661.67219076 2.27427e-16
3663.85539534 1.86079e-16
3666.03859992 2.23441e-16
3668.22180451 2.86441e-16
3670.40500909 2.4786e-16
3672.58821367 2.73897e-16
3674.77141826 2.66689e-16
3676.95462284 2.49091e-16
3679.13782743 2.84375e-16
3681.32103201 2.99333e-16
3683.50423659 2.56029e-16
3685.68744118 1.93143e-16
3687.87064576 2.08821e-16
3690.05385034 2.50668e-16
3692.23705493 2.47583e-16
3694.42025951 2.00978e-16
3696.60346409 2.44019e-16
3698.78666868 2.26651e-16
3700.96987326 2.5648e-16
3703.15307785 2.3112e-16
3705.33628243 1.96724e-16
3707.51948701 1.69536e-16
3709.7026916 2.05089e-16
3711.88589618 1.89774e-16
3714.06910076 1.99509e-16
3716.25230535 2.09505e-16
3718.43550993 1.94307e-16
3720.61871451 2.52003e-16
3722.8019191 2.6224e-16
3724.98512368 2.37333e-16
3727.16832827 2.14404e-16
3729.35153285 1.89555e-16
3731.53473743 2.07874e-16
3733.71794202 2.759e-16
3735.9011466 2.40911e-16
3738.08435118 2.07266e-16
3740.26755577 2.46642e-16
3742.45076035 1.8576e-16
3744.63396493 2.62743e-16
3746.81716952 2.30231e-16
3749.0003741 2.29848e-16
3751.18357869 2.51699e-16
3753.36678327 2.43823e-16
3755.54998785 2.37562e-16
3757.73319244 2.6584e-16
3759.91639702 2.4337e-16
3762.0996016 2.54042e-16
3764.28280619 1.98383e-16
3766.46601077 2.15667e-16
3768.64921535 1.8444e-16
3770.83241994 1.94932e-16
3773.01562452 2.14194e-16
3775.19882911 2.2744e-16
3777.38203369 2.68456e-16
3779.56523827 1.93434e-16
3781.74844286 2.31094e-16
3783.93164744 2.45673e-16
3786.11485202 2.33268e-16
3788.29805661 2.2919e-16
3790.48126119 2.33107e-16
3792.66446577 2.2903e-16
3794.84767036 2.65346e-16
3797.03087494 2.31216e-16
3799.21407953 2.60647e-16
3801.39728411 2.61248e-16
3803.58048869 1.81066e-16
3805.76369328 2.29768e-16
3807.94689786 2.4818e-16
3810.13010244 1.79381e-16
3812.31330703 1.84732e-16
3814.49651161 2.61078e-16
3816.67971619 2.21275e-16
3818.86292078 2.34841e-16
3821.04612536 2.29255e-16
3823.22932995 2.23064e-16
3825.41253453 2.16565e-16
3827.59573911 2.61419e-16
3829.7789437 2.40948e-16
3831.96214828 2.44104e-16
3834.14535286 2.40224e-16
3836.32855745 2.38202e-16
3838.51176203 2.4844e-16
3840.69496661 2.2742e-16
3842.8781712 2.75008e-16
3845.06137578 2.45094e-16
3847.24458037 2.5751e-16
3849.42778495 2.80614e-16
3851.61098953 2.89808e-16
3853.79419412 2.55632e-16
3855.9773987 2.42154e-16
3858.16060328 2.5712e-16
3860.34380787 2.61993e-16
3862.52701245 2.45546e-16
3864.71021703 2.7383e-16
3866.89342162 2.86181e-16
3869.0766262 2.12481e-16
3871.25983078 2.37025e-16
3873.44303537 2.73341e-16
3875.62623995 2.8694e-16
3877.80944454 2.97494e-16
3879.99264912 2.60479e-16
3882.1758537 2.82052e-16
3884.35905829 2.5925e-16
3886.54226287 2.74758e-16
3888.72546745 2.42034e-16
3890.90867204 2.4437e-16
3893.09187662 2.55241e-16
3895.2750812 2.98072e-16
3897.45828579 3.13709e-16
3899.64149037 2.47744e-16
3901.82469496 2.43307e-16
3904.00789954 2.78365e-16
3906.19110412 2.65203e-16
3908.37430871 2.79198e-16
3910.55751329 2.55483e-16
3912.74071787 2.74504e-16
3914.92392246 2.8607e-16
3917.10712704 2.56483e-16
3919.29033162 2.91995e-16
3921.47353621 2.68684e-16
3923.65674079 2.49248e-16
3925.83994538 2.62547e-16
3928.02314996 3.33344e-16
3930.20635454 3.33218e-16
3932.38955913 3.13584e-16
3934.57276371 2.85169e-16
3936.75596829 3.02575e-16
3938.93917288 3.14064e-16
3941.12237746 3.12151e-16
3943.30558204 2.90651e-16
3945.48878663 3.08348e-16
3947.67199121 2.99465e-16
3949.8551958 2.67305e-16
3952.03840038 3.05195e-16
3954.22160496 3.02854e-16
3956.40480955 3.24786e-16
3958.58801413 3.22565e-16
3960.77121871 3.25897e-16
3962.9544233 3.05911e-16
3965.13762788 3.22969e-16
3967.32083246 3.14516e-16
3969.50403705 3.35854e-16
3971.68724163 3.16873e-16
3973.87044622 3.12583e-16
3976.0536508 3.2157e-16
3978.23685538 2.89619e-16
3980.42005997 3.10472e-16
3982.60326455 3.79289e-16
3984.78646913 3.06291e-16
3986.96967372 3.02433e-16
3989.1528783 2.85974e-16
3991.33608288 3.08492e-16
3993.51928747 2.91576e-16
3995.70249205 2.89064e-16
3997.88569664 3.05756e-16
4000.06890122 3.21123e-16
4002.2521058 3.01291e-16
4004.43531039 3.00129e-16
4006.61851497 3.07676e-16
4008.80171955 2.65427e-16
4010.98492414 2.17747e-16
4013.16812872 2.88559e-16
4015.3513333 3.18496e-16
4017.53453789 2.98028e-16
4019.71774247 2.98135e-16
4021.90094706 2.99228e-16
4024.08415164 3.11105e-16
4026.26735622 3.37268e-16
4028.45056081 3.03544e-16
4030.63376539 2.65944e-16
4032.81696997 3.05739e-16
4035.00017456 3.05833e-16
4037.18337914 2.96669e-16
4039.36658372 2.70118e-16
4041.54978831 3.16635e-16
4043.73299289 3.409e-16
4045.91619748 3.08784e-16
4048.09940206 2.79102e-16
4050.28260664 2.86595e-16
4052.46581123 2.94391e-16
4054.64901581 2.83932e-16
4056.83222039 3.17749e-16
4059.01542498 3.16466e-16
4061.19862956 2.96039e-16
4063.38183414 3.04153e-16
4065.56503873 3.25243e-16
4067.74824331 2.97087e-16
4069.93144789 2.87357e-16
4072.11465248 2.81405e-16
4074.29785706 2.83279e-16
4076.48106165 2.88066e-16
4078.66426623 2.59548e-16
4080.84747081 2.7733e-16
4083.0306754 2.75886e-16
4085.21387998 2.62434e-16
4087.39708456 2.83696e-16
4089.58028915 3.05575e-16
4091.76349373 3.34457e-16
4093.94669831 2.96527e-16
4096.1299029 2.75044e-16
4098.31310748 2.95504e-16
4100.49631207 2.85766e-16
4102.67951665 3.0104e-16
4104.86272123 2.89815e-16
4107.04592582 2.80736e-16
4109.2291304 3.08955e-16
4111.41233498 2.85423e-16
4113.59553957 2.97261e-16
4115.77874415 3.26946e-16
4117.96194873 3.09753e-16
4120.14515332 2.9337e-16
4122.3283579 2.82559e-16
4124.51156249 2.76735e-16
4126.69476707 3.32183e-16
4128.87797165 3.148e-16
4131.06117624 2.61338e-16
4133.24438082 2.77646e-16
4135.4275854 2.82696e-16
4137.61078999 3.04328e-16
4139.79399457 2.93043e-16
4141.97719915 2.81016e-16
4144.16040374 2.83569e-16
4146.34360832 2.94676e-16
4148.52681291 3.00483e-16
4150.71001749 2.79087e-16
4152.89322207 3.04945e-16
4155.07642666 3.14694e-16
4157.25963124 2.88848e-16
4159.44283582 2.8433e-16
4161.62604041 3.13227e-16
4163.80924499 2.67595e-16
4165.99244957 2.74774e-16
4168.17565416 3.08035e-16
4170.35885874 2.92435e-16
4172.54206333 2.71151e-16
4174.72526791 2.42133e-16
4176.90847249 2.67907e-16
4179.09167708 2.51229e-16
4181.27488166 2.39531e-16
4183.45808624 2.58992e-16
4185.64129083 2.75435e-16
4187.82449541 2.49383e-16
4190.00769999 2.48944e-16
4192.19090458 2.83436e-16
4194.37410916 2.98037e-16
4196.55731375 2.69066e-16
4198.74051833 2.32516e-16
4200.92372291 2.64436e-16
4203.1069275 2.34562e-16
4205.29013208 2.43306e-16
4207.47333666 2.5804e-16
4209.65654125 2.20705e-16
4211.83974583 2.83855e-16
4214.02295041 2.78521e-16
4216.206155 2.36811e-16
4218.38935958 2.42741e-16
4220.57256417 2.6539e-16
4222.75576875 2.42647e-16
4224.93897333 2.04999e-16
4227.12217792 2.32044e-16
4229.3053825 2.37574e-16
4231.48858708 2.58853e-16
4233.67179167 2.39275e-16
4235.85499625 2.39554e-16
4238.03820083 2.13231e-16
4240.22140542 2.53873e-16
4242.40461 2.15543e-16
4244.58781459 1.99915e-16
4246.77101917 2.54808e-16
4248.95422375 2.32481e-16
4251.13742834 2.02039e-16
4253.32063292 2.05465e-16
4255.5038375 2.25501e-16
4257.68704209 2.10093e-16
4259.87024667 2.23622e-16
4262.05345125 2.13844e-16
4264.23665584 1.9149e-16
4266.41986042 1.95131e-16
4268.60306501 2.0132e-16
4270.78626959 1.99899e-16
4272.96947417 2.24106e-16
4275.15267876 2.09412e-16
4277.33588334 1.8692e-16
4279.51908792 1.77337e-16
4281.70229251 1.92409e-16
4283.88549709 2.04384e-16
4286.06870167 1.92753e-16
4288.25190626 1.80635e-16
4290.43511084 1.98694e-16
4292.61831542 1.95817e-16
4294.80152001 2.11105e-16
4296.98472459 1.99334e-16
4299.16792918 1.85849e-16
4301.35113376 2.09388e-16
4303.53433834 1.8487e-16
4305.71754293 1.72238e-16
4307.90074751 1.72194e-16
4310.08395209 1.4886e-16
4312.26715668 1.60552e-16
4314.45036126 2.03094e-16
4316.63356584 2.09285e-16
4318.81677043 1.90973e-16
4320.99997501 1.97382e-16
4323.1831796 1.85762e-16
4325.36638418 1.90656e-16
4327.54958876 1.80562e-16
4329.73279335 1.79686e-16
4331.91599793 1.75481e-16
4334.09920251 1.96195e-16
4336.2824071 1.89066e-16
4338.46561168 1.94596e-16
4340.64881626 1.77449e-16
4342.83202085 1.75151e-16
4345.01522543 1.9685e-16
4347.19843002 1.7326e-16
4349.3816346 1.78646e-16
4351.56483918 1.80317e-16
4353.74804377 1.90642e-16
4355.93124835 1.80023e-16
4358.11445293 1.88598e-16
4360.29765752 1.69273e-16
4362.4808621 2.07979e-16
4364.66406668 1.93147e-16
4366.84727127 2.11542e-16
4369.03047585 1.81634e-16
4371.21368044 1.96041e-16
4373.39688502 1.77244e-16
4375.5800896 1.90505e-16
4377.76329419 1.87929e-16
4379.94649877 2.30643e-16
4382.12970335 2.10301e-16
4384.31290794 1.77604e-16
4386.49611252 2.04852e-16
4388.6793171 2.04801e-16
4390.86252169 2.07607e-16
4393.04572627 2.14283e-16
4395.22893086 2.04416e-16
4397.41213544 2.08585e-16
4399.59534002 2.04957e-16
4401.77854461 1.73027e-16
4403.96174919 2.00251e-16
4406.14495377 2.21261e-16
4408.32815836 1.92094e-16
4410.51136294 1.95111e-16
4412.69456752 1.98551e-16
4414.87777211 2.04317e-16
4417.06097669 1.82202e-16
4419.24418128 1.86339e-16
4421.42738586 1.92501e-16
4423.61059044 1.89626e-16
4425.79379503 1.90937e-16
4427.97699961 1.93947e-16
4430.16020419 1.65538e-16
4432.34340878 1.83035e-16
4434.52661336 1.82816e-16
4436.70981794 1.68677e-16
4438.89302253 1.66704e-16
4441.07622711 1.8967e-16
4443.2594317 1.73158e-16
4445.44263628 1.95545e-16
4447.62584086 2.00733e-16
4449.80904545 1.68047e-16
4451.99225003 1.94056e-16
4454.17545461 2.07715e-16
4456.3586592 1.72466e-16
4458.54186378 1.60892e-16
4460.72506836 1.80831e-16
4462.90827295 1.89976e-16
4465.09147753 1.79387e-16
4467.27468212 1.84936e-16
4469.4578867 1.70579e-16
4471.64109128 1.77467e-16
4473.82429587 2.29408e-16
4476.00750045 2.07743e-16
4478.19070503 1.7832e-16
4480.37390962 1.88126e-16
4482.5571142 1.84802e-16
4484.74031878 1.76636e-16
4486.92352337 1.89233e-16
4489.10672795 1.97185e-16
4491.28993253 1.87825e-16
4493.47313712 1.92096e-16
4495.6563417 1.81108e-16
4497.83954629 1.67826e-16
4500.02275087 1.93421e-16
4502.20595545 1.94193e-16
4504.38916004 1.70612e-16
4506.57236462 1.74479e-16
4508.7555692 2.11825e-16
4510.93877379 2.10308e-16
4513.12197837 1.71217e-16
4515.30518295 1.89103e-16
4517.48838754 2.10875e-16
4519.67159212 2.06809e-16
4521.85479671 1.75705e-16
4524.03800129 1.82502e-16
4526.22120587 2.00937e-16
4528.40441046 1.8902e-16
4530.58761504 1.77246e-16
4532.77081962 1.71081e-16
4534.95402421 1.87521e-16
4537.13722879 2.04827e-16
4539.32043337 1.77518e-16
4541.50363796 1.66763e-16
4543.68684254 1.87216e-16
4545.87004713 1.84045e-16
4548.05325171 1.7804e-16
4550.23645629 1.87595e-16
4552.41966088 1.91592e-16
4554.60286546 1.73465e-16
4556.78607004 1.77768e-16
4558.96927463 1.90852e-16
4561.15247921 2.04029e-16
4563.33568379 1.99e-16
4565.51888838 1.93043e-16
4567.70209296 1.95431e-16
4569.88529755 1.93427e-16
4572.06850213 1.9502e-16
4574.25170671 2.02108e-16
4576.4349113 1.83464e-16
4578.61811588 1.71886e-16
4580.80132046 1.89446e-16
4582.98452505 1.91811e-16
4585.16772963 1.67929e-16
4587.35093421 1.73455e-16
4589.5341388 1.75509e-16
4591.71734338 2.07238e-16
4593.90054797 2.04589e-16
4596.08375255 1.58892e-16
4598.26695713 1.94859e-16
4600.45016172 2.00413e-16
4602.6333663 1.834e-16
4604.81657088 1.87472e-16
4606.99977547 1.94754e-16
4609.18298005 1.95e-16
4611.36618463 1.96397e-16
4613.54938922 1.72324e-16
4615.7325938 1.79056e-16
4617.91579839 1.87059e-16
4620.09900297 1.8898e-16
4622.28220755 1.80327e-16
4624.46541214 1.79181e-16
4626.64861672 2.03416e-16
4628.8318213 1.93925e-16
4631.01502589 1.51835e-16
4633.19823047 1.50017e-16
4635.38143505 2.18691e-16
4637.56463964 2.20587e-16
4639.74784422 1.94841e-16
4641.93104881 1.90873e-16
4644.11425339 2.31015e-16
4646.29745797 2.19368e-16
4648.48066256 1.84144e-16
4650.66386714 1.92965e-16
4652.84707172 1.94448e-16
4655.03027631 1.98563e-16
4657.21348089 1.95406e-16
4659.39668547 2.01152e-16
4661.57989006 2.07329e-16
4663.76309464 1.88387e-16
4665.94629923 2.1251e-16
4668.12950381 2.12595e-16
4670.31270839 1.8489e-16
4672.49591298 2.16078e-16
4674.67911756 1.98061e-16
4676.86232214 1.62394e-16
4679.04552673 1.83526e-16
4681.22873131 2.00493e-16
4683.41193589 1.85038e-16
4685.59514048 2.03138e-16
4687.77834506 2.23554e-16
4689.96154964 2.00533e-16
4692.14475423 1.9663e-16
4694.32795881 1.81728e-16
4696.5111634 1.83667e-16
4698.69436798 1.91429e-16
4700.87757256 1.9406e-16
4703.06077715 2.12084e-16
4705.24398173 1.9424e-16
4707.42718631 1.76582e-16
4709.6103909 1.97574e-16
4711.79359548 1.95547e-16
4713.97680006 1.93374e-16
4716.16000465 1.91473e-16
4718.34320923 1.86454e-16
4720.52641382 1.91362e-16
4722.7096184 1.82211e-16
4724.89282298 1.81661e-16
4727.07602757 1.7175e-16
4729.25923215 1.8994e-16
4731.44243673 1.9641e-16
4733.62564132 1.85805e-16
4735.8088459 1.84243e-16
4737.99205048 1.77321e-16
4740.17525507 1.87137e-16
4742.35845965 1.91514e-16
4744.54166424 1.66347e-16
4746.72486882 1.76614e-16
4748.9080734 1.93058e-16
4751.09127799 1.93378e-16
4753.27448257 1.86867e-16
4755.45768715 1.94764e-16
4757.64089174 1.97674e-16
4759.82409632 1.93058e-16
4762.0073009 2.06198e-16
4764.19050549 1.85925e-16
4766.37371007 1.59317e-16
4768.55691466 1.62785e-16
4770.74011924 1.7617e-16
4772.92332382 1.67412e-16
4775.10652841 1.62679e-16
4777.28973299 1.65313e-16
4779.47293757 1.71557e-16
4781.65614216 1.88475e-16
4783.83934674 1.83941e-16
4786.02255132 1.70754e-16
4788.20575591 1.71815e-16
4790.38896049 1.6856e-16
4792.57216508 1.71155e-16
4794.75536966 1.93814e-16
4796.93857424 1.87066e-16
4799.12177883 1.47891e-16
4801.30498341 1.59754e-16
4803.48818799 1.78514e-16
4805.67139258 1.67464e-16
4807.85459716 1.61497e-16
4810.03780174 1.70292e-16
4812.22100633 1.82662e-16
4814.40421091 1.76692e-16
4816.5874155 1.74251e-16
4818.77062008 1.88305e-16
4820.95382466 1.71963e-16
4823.13702925 1.67017e-16
4825.32023383 1.62173e-16
4827.50343841 1.5855e-16
4829.686643 1.53995e-16
4831.86984758 1.55942e-16
4834.05305216 1.76668e-16
4836.23625675 1.63726e-16
4838.41946133 1.56766e-16
4840.60266592 1.70264e-16
4842.7858705 1.77482e-16
4844.96907508 1.76989e-16
4847.15227967 1.69505e-16
4849.33548425 1.78996e-16
4851.51868883 1.64568e-16
4853.70189342 1.65044e-16
4855.885098 1.70553e-16
4858.06830258 1.71468e-16
4860.25150717 1.69961e-16
4862.43471175 1.79284e-16
4864.61791634 1.78948e-16
4866.80112092 1.5978e-16
4868.9843255 1.65626e-16
4871.16753009 1.69665e-16
4873.35073467 1.39137e-16
4875.53393925 1.54742e-16
4877.71714384 1.62307e-16
4879.90034842 1.55566e-16
4882.083553 1.73061e-16
4884.26675759 1.47216e-16
4886.44996217 1.57614e-16
4888.63316675 1.68765e-16
4890.81637134 1.61831e-16
4892.99957592 1.52422e-16
4895.18278051 1.59073e-16
4897.36598509 1.64685e-16
4899.54918967 1.50768e-16
4901.73239426 1.5083e-16
4903.91559884 1.46915e-16
4906.09880342 1.38441e-16
4908.28200801 1.61162e-16
4910.46521259 1.73329e-16
4912.64841717 1.49819e-16
4914.83162176 1.43495e-16
4917.01482634 1.43518e-16
4919.19803093 1.37621e-16
4921.38123551 1.57509e-16
4923.56444009 1.47228e-16
4925.74764468 1.47646e-16
4927.93084926 1.59513e-16
4930.11405384 1.42541e-16
4932.29725843 1.46421e-16
4934.48046301 1.58699e-16
4936.66366759 1.37156e-16
4938.84687218 1.41251e-16
4941.03007676 1.45191e-16
4943.21328135 1.56505e-16
4945.39648593 1.48754e-16
4947.57969051 1.31978e-16
4949.7628951 1.21148e-16
4951.94609968 1.49547e-16
4954.12930426 1.44977e-16
4956.31250885 1.39346e-16
4958.49571343 1.51173e-16
4960.67891801 1.44795e-16
4962.8621226 1.39382e-16
4965.04532718 1.32647e-16
4967.22853177 1.34563e-16
4969.41173635 1.14497e-16
4971.59494093 1.38955e-16
4973.77814552 1.46752e-16
4975.9613501 1.39718e-16
4978.14455468 1.33189e-16
4980.32775927 1.51709e-16
4982.51096385 1.18345e-16
4984.69416843 1.15953e-16
4986.87737302 1.22067e-16
4989.0605776 1.50756e-16
4991.24378219 1.27995e-16
4993.42698677 1.40189e-16
4995.61019135 1.35785e-16
4997.79339594 1.40122e-16
4999.97660052 1.32885e-16
5002.1598051 1.40192e-16
5004.34300969 1.27965e-16
5006.52621427 1.12992e-16
5008.70941885 1.26934e-16
5010.89262344 1.06496e-16
5013.07582802 1.28998e-16
5015.25903261 1.45112e-16
5017.44223719 1.20649e-16
5019.62544177 1.13673e-16
5021.80864636 1.26374e-16
5023.99185094 1.31004e-16
5026.17505552 1.29585e-16
5028.35826011 1.16884e-16
5030.54146469 1.21914e-16
5032.72466927 1.27154e-16
5034.90787386 1.34051e-16
5037.09107844 1.3193e-16
5039.27428303 1.21618e-16
5041.45748761 1.19545e-16
5043.64069219 1.16039e-16
5045.82389678 1.40595e-16
5048.00710136 1.45571e-16
5050.19030594 1.22194e-16
5052.37351053 1.11562e-16
5054.55671511 1.23274e-16
5056.73991969 1.35197e-16
5058.92312428 1.23836e-16
5061.10632886 1.35508e-16
5063.28953345 1.27885e-16
5065.47273803 1.17518e-16
5067.65594261 1.22637e-16
5069.8391472 1.20834e-16
5072.02235178 1.20399e-16
5074.20555636 1.25931e-16
5076.38876095 1.3173e-16
5078.57196553 1.39901e-16
5080.75517011 1.249e-16
5082.9383747 1.19854e-16
5085.12157928 1.27974e-16
5087.30478387 1.35342e-16
5089.48798845 1.35335e-16
5091.67119303 1.38556e-16
5093.85439762 1.4234e-16
5096.0376022 1.26187e-16
5098.22080678 1.30134e-16
5100.40401137 1.43057e-16
5102.58721595 1.28572e-16
5104.77042053 1.33261e-16
5106.95362512 1.26122e-16
5109.1368297 1.29216e-16
5111.32003428 1.39075e-16
5113.50323887 1.12824e-16
5115.68644345 1.28937e-16
5117.86964804 1.31743e-16
5120.05285262 1.22786e-16
5122.2360572 1.37359e-16
5124.41926179 1.40323e-16
5126.60246637 1.34755e-16
5128.78567095 1.3455e-16
5130.96887554 1.38513e-16
5133.15208012 1.52036e-16
5135.3352847 1.45995e-16
5137.51848929 1.34409e-16
5139.70169387 1.39244e-16
5141.88489846 1.38326e-16
5144.06810304 1.331e-16
5146.25130762 1.41597e-16
5148.43451221 1.58119e-16
5150.61771679 1.39327e-16
5152.80092137 1.30791e-16
5154.98412596 1.48026e-16
5157.16733054 1.36408e-16
5159.35053512 1.30793e-16
5161.53373971 1.5067e-16
5163.71694429 1.35476e-16
5165.90014888 1.23488e-16
5168.08335346 1.42497e-16
5170.26655804 1.48104e-16
5172.44976263 1.48154e-16
5174.63296721 1.50131e-16
5176.81617179 1.55342e-16
5178.99937638 1.45734e-16
5181.18258096 1.44755e-16
5183.36578554 1.40975e-16
5185.54899013 1.35443e-16
5187.73219471 1.36358e-16
5189.9153993 1.32109e-16
5192.09860388 1.4872e-16
5194.28180846 1.35837e-16
5196.46501305 1.34668e-16
5198.64821763 1.3709e-16
5200.83142221 1.3258e-16
5203.0146268 1.24892e-16
5205.19783138 1.48999e-16
5207.38103596 1.57333e-16
5209.56424055 1.43687e-16
5211.74744513 1.34775e-16
5213.93064972 1.3631e-16
5216.1138543 1.46605e-16
5218.29705888 1.40253e-16
5220.48026347 1.3999e-16
5222.66346805 1.21922e-16
5224.84667263 1.56572e-16
5227.02987722 1.48116e-16
5229.2130818 1.24908e-16
5231.39628638 1.33679e-16
5233.57949097 1.27164e-16
5235.76269555 1.42116e-16
5237.94590014 1.55656e-16
5240.12910472 1.49466e-16
5242.3123093 1.38566e-16
5244.49551389 1.63906e-16
5246.67871847 1.57494e-16
5248.86192305 1.49938e-16
5251.04512764 1.34196e-16
5253.22833222 1.40338e-16
5255.4115368 1.43197e-16
5257.59474139 1.28146e-16
5259.77794597 1.36661e-16
5261.96115056 1.68084e-16
5264.14435514 1.5932e-16
5266.32755972 1.5221e-16
5268.51076431 1.41412e-16
5270.69396889 1.43121e-16
5272.87717347 1.18126e-16
5275.06037806 1.27476e-16
5277.24358264 1.23973e-16
5279.42678722 1.41239e-16
5281.60999181 1.4487e-16
5283.79319639 1.3959e-16
5285.97640098 1.39736e-16
5288.15960556 1.51187e-16
5290.34281014 1.30046e-16
5292.52601473 1.40623e-16
5294.70921931 1.38234e-16
5296.89242389 1.41205e-16
5299.07562848 1.32449e-16
5301.25883306 1.35702e-16
5303.44203764 1.18704e-16
5305.62524223 1.4882e-16
5307.80844681 1.53759e-16
5309.99165139 1.44122e-16
5312.17485598 1.36032e-16
5314.35806056 1.33215e-16
5316.54126515 1.36125e-16
5318.72446973 1.32689e-16
5320.90767431 1.35101e-16
5323.0908789 1.46364e-16
5325.27408348 1.37627e-16
5327.45728806 1.4425e-16
5329.64049265 1.43314e-16
5331.82369723 1.39657e-16
5334.00690181 1.20408e-16
5336.1901064 1.26672e-16
5338.37331098 1.26065e-16
5340.55651557 1.33121e-16
5342.73972015 1.34375e-16
5344.92292473 1.1646e-16
5347.10612932 1.36926e-16
5349.2893339 1.39049e-16
5351.47253848 1.34448e-16
5353.65574307 1.37074e-16
5355.83894765 1.57873e-16
5358.02215223 1.2876e-16
5360.20535682 1.37973e-16
5362.3885614 1.37192e-16
5364.57176599 1.31954e-16
5366.75497057 1.18112e-16
5368.93817515 1.18922e-16
5371.12137974 1.21371e-16
5373.30458432 1.06341e-16
5375.4877889 1.21014e-16
5377.67099349 1.20006e-16
5379.85419807 1.14643e-16
5382.03740265 1.13491e-16
5384.22060724 1.25251e-16
5386.40381182 1.02693e-16
5388.58701641 1.15778e-16
5390.77022099 1.06363e-16
5392.95342557 1.1386e-16
5395.13663016 1.30576e-16
5397.31983474 1.27222e-16
5399.50303932 1.25126e-16
5401.68624391 1.17153e-16
5403.86944849 1.24599e-16
5406.05265307 1.18412e-16
5408.23585766 1.267e-16
5410.41906224 1.1882e-16
5412.60226683 9.86085e-17
5414.78547141 9.89425e-17
5416.96867599 1.34739e-16
5419.15188058 1.26913e-16
5421.33508516 1.1863e-16
5423.51828974 1.18828e-16
5425.70149433 1.09461e-16
5427.88469891 1.23909e-16
5430.06790349 1.19682e-16
5432.25110808 1.16123e-16
5434.43431266 1.09835e-16
5436.61751725 1.0832e-16
5438.80072183 1.12956e-16
5440.98392641 1.18106e-16
5443.167131 1.21145e-16
5445.35033558 9.84762e-17
5447.53354016 1.11679e-16
5449.71674475 1.09046e-16
5451.89994933 1.15128e-16
5454.08315391 1.18892e-16
5456.2663585 1.04265e-16
5458.44956308 1.06404e-16
5460.63276767 1.02651e-16
5462.81597225 1.05089e-16
5464.99917683 1.16366e-16
5467.18238142 1.01155e-16
5469.365586 8.74319e-17
5471.54879058 8.8737e-17
5473.73199517 1.15605e-16
5475.91519975 1.34798e-16
5478.09840433 1.12675e-16
5480.28160892 1.06681e-16
5482.4648135 1.20264e-16
5484.64801809 1.20426e-16
5486.83122267 1.09464e-16
5489.01442725 1.0338e-16
5491.19763184 9.09722e-17
5493.38083642 9.766e-17
5495.564041 1.14421e-16
5497.74724559 1.16643e-16
5499.93045017 1.10573e-16
5502.11365475 1.07705e-16
5504.29685934 1.05281e-16
5506.48006392 1.1578e-16
5508.6632685 1.0935e-16
5510.84647309 1.02828e-16
5513.02967767 1.06228e-16
5515.21288226 1.13979e-16
5517.39608684 1.04087e-16
5519.57929142 9.09194e-17
5521.76249601 9.8124e-17
5523.94570059 1.01859e-16
5526.12890517 1.03241e-16
5528.31210976 1.179e-16
5530.49531434 1.04921e-16
5532.67851892 1.11163e-16
5534.86172351 1.20177e-16
5537.04492809 1.04943e-16
5539.22813268 1.14423e-16
5541.41133726 1.14414e-16
5543.59454184 1.08218e-16
5545.77774643 1.10947e-16
5547.96095101 1.07227e-16
5550.14415559 1.15301e-16
5552.32736018 1.36164e-16
5554.51056476 1.42019e-16
5556.69376934 1.17999e-16
5558.87697393 1.12865e-16
5561.06017851 1.25053e-16
5563.2433831 1.23095e-16
5565.42658768 1.07914e-16
5567.60979226 1.17396e-16
5569.79299685 1.02859e-16
5571.97620143 9.42823e-17
5574.15940601 1.21873e-16
5576.3426106 1.22602e-16
5578.52581518 1.06717e-16
5580.70901976 1.22383e-16
5582.89222435 1.22711e-16
5585.07542893 1.10791e-16
5587.25863352 1.18175e-16
5589.4418381 1.17576e-16
5591.62504268 1.22607e-16
5593.80824727 1.16637e-16
5595.99145185 1.19093e-16
5598.17465643 1.18039e-16
5600.35786102 1.08216e-16
5602.5410656 1.03466e-16
5604.72427018 1.17304e-16
5606.90747477 1.16735e-16
5609.09067935 1.19633e-16
5611.27388394 1.04564e-16
5613.45708852 1.083e-16
5615.6402931 1.19584e-16
5617.82349769 1.16431e-16
5620.00670227 1.07531e-16
5622.18990685 1.07015e-16
5624.37311144 1.16039e-16
5626.55631602 1.10429e-16
5628.7395206 1.18497e-16
5630.92272519 1.15844e-16
5633.10592977 1.34079e-16
5635.28913436 1.21145e-16
5637.47233894 1.10322e-16
5639.65554352 1.21128e-16
5641.83874811 1.16583e-16
5644.02195269 1.13344e-16
5646.20515727 1.17627e-16
5648.38836186 1.13188e-16
5650.57156644 1.08182e-16
5652.75477102 1.20818e-16
5654.93797561 1.20084e-16
5657.12118019 1.16539e-16
5659.30438478 1.13291e-16
5661.48758936 1.22559e-16
5663.67079394 1.19369e-16
5665.85399853 1.16863e-16
5668.03720311 1.1678e-16
5670.22040769 1.09047e-16
5672.40361228 1.15618e-16
5674.58681686 1.04239e-16
5676.77002144 9.37669e-17
5678.95322603 1.14985e-16
5681.13643061 1.09677e-16
5683.3196352 1.09956e-16
5685.50283978 1.22217e-16
5687.68604436 1.13796e-16
5689.86924895 1.18847e-16
5692.05245353 1.05091e-16
5694.23565811 1.13795e-16
5696.4188627 1.0904e-16
5698.60206728 1.24552e-16
5700.78527186 1.09622e-16
5702.96847645 1.09172e-16
5705.15168103 1.23483e-16
5707.33488562 1.19285e-16
5709.5180902 1.17284e-16
5711.70129478 1.0761e-16
5713.88449937 1.15849e-16
5716.06770395 1.21449e-16
5718.25090853 1.15602e-16
5720.43411312 1.15333e-16
5722.6173177 1.11703e-16
5724.80052228 1.1061e-16
5726.98372687 1.06583e-16
5729.16693145 1.22925e-16
5731.35013603 1.15859e-16
5733.53334062 9.29211e-17
5735.7165452 1.10817e-16
5737.89974979 9.81888e-17
5740.08295437 1.10735e-16
5742.26615895 1.04069e-16
5744.44936354 9.27459e-17
5746.63256812 1.04871e-16
5748.8157727 9.90601e-17
5750.99897729 9.98994e-17
5753.18218187 1.08481e-16
5755.36538645 1.13918e-16
5757.54859104 1.06541e-16
5759.73179562 9.86771e-17
5761.91500021 1.0404e-16
5764.09820479 1.13578e-16
5766.28140937 8.97479e-17
5768.46461396 9.55389e-17
5770.64781854 1.1638e-16
5772.83102312 1.11899e-16
5775.01422771 1.091e-16
5777.19743229 9.27644e-17
5779.38063687 1.01564e-16
5781.56384146 9.40167e-17
5783.74704604 9.52437e-17
5785.93025063 1.06786e-16
5788.11345521 1.08657e-16
5790.29665979 1.08719e-16
5792.47986438 1.08495e-16
5794.66306896 1.23737e-16
5796.84627354 1.13227e-16
5799.02947813 1.07477e-16
5801.21268271 1.0532e-16
5803.39588729 1.07714e-16
5805.57909188 9.95467e-17
5807.76229646 1.23215e-16
5809.94550105 9.93859e-17
5812.12870563 1.00797e-16
5814.31191021 1.1395e-16
5816.4951148 1.20385e-16
5818.67831938 1.20916e-16
5820.86152396 9.93099e-17
5823.04472855 1.07843e-16
5825.22793313 1.00791e-16
5827.41113771 9.5334e-17
5829.5943423 1.08119e-16
5831.77754688 1.14899e-16
5833.96075147 1.06846e-16
5836.14395605 9.97187e-17
5838.32716063 1.1667e-16
5840.51036522 1.08409e-16
5842.6935698 1.00835e-16
5844.87677438 9.60434e-17
5847.05997897 1.00119e-16
5849.24318355 8.89255e-17
5851.42638813 1.0662e-16
5853.60959272 1.09206e-16
5855.7927973 1.07939e-16
5857.97600189 1.04226e-16
5860.15920647 1.06896e-16
5862.34241105 1.08584e-16
5864.52561564 1.13444e-16
5866.70882022 9.81875e-17
5868.8920248 1.13152e-16
5871.07522939 1.1852e-16
5873.25843397 1.16419e-16
5875.44163855 1.08676e-16
5877.62484314 1.21619e-16
5879.80804772 1.08254e-16
5881.99125231 1.1314e-16
5884.17445689 1.04029e-16
5886.35766147 1.1013e-16
5888.54086606 1.27379e-16
5890.72407064 1.35455e-16
5892.90727522 1.14531e-16
5895.09047981 8.9792e-17
5897.27368439 1.1189e-16
5899.45688897 1.14661e-16
5901.64009356 9.75244e-17
5903.82329814 9.86964e-17
5906.00650273 1.18279e-16
5908.18970731 1.03199e-16
5910.37291189 1.01573e-16
5912.55611648 1.317e-16
5914.73932106 1.29223e-16
5916.92252564 1.20205e-16
5919.10573023 1.37358e-16
5921.28893481 1.10294e-16
5923.47213939 1.06382e-16
5925.65534398 1.14825e-16
5927.83854856 1.08584e-16
5930.02175314 1.06118e-16
5932.20495773 1.11193e-16
5934.38816231 9.74604e-17
5936.5713669 9.71167e-17
5938.75457148 1.183e-16
5940.93777606 1.19503e-16
5943.12098065 1.13014e-16
5945.30418523 1.07387e-16
5947.48738981 1.15394e-16
5949.6705944 1.02972e-16
5951.85379898 1.10853e-16
5954.03700356 9.34503e-17
5956.22020815 1.01401e-16
5958.40341273 1.07613e-16
5960.58661732 1.15726e-16
5962.7698219 1.18752e-16
5964.95302648 1.06784e-16
5967.13623107 8.96282e-17
5969.31943565 1.07722e-16
5971.50264023 1.09625e-16
5973.68584482 1.08879e-16
5975.8690494 9.53875e-17
5978.05225398 1.08526e-16
5980.23545857 1.17616e-16
5982.41866315 1.02298e-16
5984.60186774 1.15649e-16
5986.78507232 1.01384e-16
5988.9682769 1.00914e-16
5991.15148149 1.07908e-16
5993.33468607 9.77436e-17
5995.51789065 1.02702e-16
5997.70109524 8.79816e-17
5999.88429982 1.05377e-16
6002.0675044 1.01452e-16
6004.25070899 1.09767e-16
6006.43391357 1.01873e-16
6008.61711816 1.15346e-16
6010.80032274 1.07169e-16
6012.98352732 9.20935e-17
6015.16673191 9.61376e-17
6017.34993649 9.20356e-17
6019.53314107 8.42207e-17
6021.71634566 8.63206e-17
6023.89955024 9.55709e-17
6026.08275482 1.07369e-16
6028.26595941 1.01321e-16
6030.44916399 9.69029e-17
6032.63236858 1.11801e-16
6034.81557316 9.77821e-17
6036.99877774 1.06606e-16
6039.18198233 9.98461e-17
6041.36518691 1.03946e-16
6043.54839149 1.19484e-16
6045.73159608 9.99353e-17
6047.91480066 9.46925e-17
6050.09800524 8.91587e-17
6052.28120983 9.5761e-17
6054.46441441 1.08726e-16
6056.647619 9.51783e-17
6058.83082358 8.79484e-17
6061.01402816 1.00455e-16
6063.19723275 1.10884e-16
6065.38043733 1.05288e-16
6067.56364191 9.79333e-17
6069.7468465 9.11103e-17
6071.93005108 9.03791e-17
6074.11325566 8.45603e-17
6076.29646025 9.14788e-17
6078.47966483 8.8151e-17
6080.66286942 8.39308e-17
6082.846074 9.27207e-17
6085.02927858 9.3591e-17
6087.21248317 1.00646e-16
6089.39568775 9.91426e-17
6091.57889233 9.51981e-17
6093.76209692 9.69031e-17
6095.9453015 9.53873e-17
6098.12850608 9.11466e-17
6100.31171067 1.00646e-16
6102.49491525 9.77315e-17
6104.67811984 9.94382e-17
6106.86132442 9.2084e-17
6109.044529 8.60004e-17
6111.22773359 8.78762e-17
6113.41093817 8.99954e-17
6115.59414275 8.84252e-17
6117.77734734 9.97057e-17
6119.96055192 9.46096e-17
6122.1437565 8.47849e-17
6124.32696109 8.58536e-17
6126.51016567 9.34178e-17
6128.69337025 8.60499e-17
6130.87657484 9.5213e-17
6133.05977942 9.24343e-17
6135.24298401 9.04723e-17
6137.42618859 8.71362e-17
6139.60939317 1.00101e-16
6141.79259776 8.24469e-17
6143.97580234 9.79819e-17
6146.15900692 9.45945e-17
6148.34221151 9.03962e-17
6150.52541609 8.75298e-17
6152.70862067 9.5785e-17
6154.89182526 8.77954e-17
6157.07502984 9.07584e-17
6159.25823443 8.37053e-17
6161.44143901 8.80411e-17
6163.62464359 9.35967e-17
6165.80784818 8.42134e-17
6167.99105276 8.48551e-17
6170.17425734 9.80782e-17
6172.35746193 7.63186e-17
6174.54066651 8.95974e-17
6176.72387109 8.92103e-17
6178.90707568 9.12662e-17
6181.09028026 9.38041e-17
6183.27348485 8.63831e-17
6185.45668943 9.01177e-17
6187.63989401 9.40757e-17
6189.8230986 9.45549e-17
6192.00630318 9.01325e-17
6194.18950776 8.16651e-17
6196.37271235 8.71172e-17
6198.55591693 8.78762e-17
6200.73912151 9.27343e-17
6202.9223261 9.00311e-17
6205.10553068 9.23882e-17
6207.28873527 9.4159e-17
6209.47193985 8.14473e-17
6211.65514443 9.79901e-17
6213.83834902 1.00554e-16
6216.0215536 7.97358e-17
6218.20475818 8.42654e-17
6220.38796277 8.72555e-17
6222.57116735 1.01573e-16
6224.75437193 1.14698e-16
6226.93757652 1.04417e-16
6229.1207811 9.60454e-17
6231.30398569 9.42443e-17
6233.48719027 8.95093e-17
6235.67039485 1.00596e-16
6237.85359944 8.54592e-17
6240.03680402 8.75423e-17
6242.2200086 9.15141e-17
6244.40321319 9.24241e-17
6246.58641777 9.52653e-17
6248.76962235 8.96574e-17
6250.95282694 9.24345e-17
6253.13603152 7.97704e-17
6255.31923611 8.98308e-17
6257.50244069 8.94801e-17
6259.68564527 8.69154e-17
6261.86884986 8.75887e-17
6264.05205444 9.86817e-17
6266.23525902 9.20323e-17
6268.41846361 8.48924e-17
6270.60166819 8.6316e-17
6272.78487277 7.65784e-17
6274.96807736 7.9325e-17
6277.15128194 9.13659e-17
6279.33448653 9.08056e-17
6281.51769111 8.05014e-17
6283.70089569 8.73225e-17
6285.88410028 9.53331e-17
6288.06730486 9.12513e-17
6290.25050944 7.70148e-17
6292.43371403 7.74e-17
6294.61691861 8.44662e-17
6296.80012319 1.00001e-16
6298.98332778 9.85569e-17
6301.16653236 7.85707e-17
6303.34973695 8.93698e-17
6305.53294153 7.55448e-17
6307.71614611 7.29404e-17
6309.8993507 8.80587e-17
6312.08255528 7.19062e-17
6314.26575986 7.2827e-17
6316.44896445 7.62606e-17
6318.63216903 8.50991e-17
6320.81537361 8.36551e-17
6322.9985782 8.43827e-17
6325.18178278 9.05669e-17
6327.36498736 8.0047e-17
6329.54819195 8.85682e-17
6331.73139653 8.67793e-17
6333.91460112 8.00466e-17
6336.0978057 7.35831e-17
6338.28101028 9.07565e-17
6340.46421487 7.66238e-17
6342.64741945 7.03108e-17
6344.83062403 7.73982e-17
6347.01382862 7.78587e-17
6349.1970332 7.97741e-17
6351.38023778 8.44926e-17
6353.56344237 7.53507e-17
6355.74664695 7.83771e-17
6357.92985154 8.30454e-17
6360.11305612 8.84051e-17
6362.2962607 9.28194e-17
6364.47946529 8.65214e-17
6366.66266987 6.53112e-17
6368.84587445 7.93298e-17
6371.02907904 8.27934e-17
6373.21228362 7.91861e-17
6375.3954882 9.7466e-17
6377.57869279 8.25321e-17
6379.76189737 8.39917e-17
6381.94510196 8.12479e-17
6384.12830654 8.05958e-17
6386.31151112 7.84029e-17
6388.49471571 8.57527e-17
6390.67792029 8.63369e-17
6392.86112487 7.61923e-17
6395.04432946 7.5835e-17
6397.22753404 6.45092e-17
6399.41073862 6.93474e-17
6401.59394321 7.05254e-17
6403.77714779 7.89547e-17
6405.96035238 7.44172e-17
6408.14355696 6.94975e-17
6410.32676154 6.8065e-17
6412.50996613 7.98555e-17
6414.69317071 7.84297e-17
6416.87637529 6.0337e-17
6419.05957988 6.58812e-17
6421.24278446 6.24203e-17
6423.42598904 7.49552e-17
6425.60919363 7.19261e-17
6427.79239821 7.26906e-17
6429.9756028 6.70076e-17
6432.15880738 7.58407e-17
6434.34201196 7.66832e-17
6436.52521655 7.30751e-17
6438.70842113 8.05435e-17
6440.89162571 7.33935e-17
6443.0748303 7.54795e-17
6445.25803488 7.44137e-17
6447.44123946 9.07451e-17
6449.62444405 8.44612e-17
6451.80764863 7.18857e-17
6453.99085322 7.99388e-17
6456.1740578 8.51483e-17
6458.35726238 8.22356e-17
6460.54046697 9.01616e-17
6462.72367155 8.71778e-17
6464.90687613 8.52917e-17
6467.09008072 9.94195e-17
6469.2732853 8.8314e-17
6471.45648988 7.9343e-17
6473.63969447 8.30882e-17
6475.82289905 8.62187e-17
6478.00610364 7.72646e-17
6480.18930822 7.18555e-17
6482.3725128 8.11535e-17
6484.55571739 8.26534e-17
6486.73892197 8.13096e-17
6488.92212655 7.76959e-17
6491.10533114 7.19856e-17
6493.28853572 8.11085e-17
6495.4717403 8.75854e-17
6497.65494489 8.59487e-17
6499.83814947 8.98062e-17
6502.02135406 8.54901e-17
6504.20455864 7.76752e-17
6506.38776322 8.15119e-17
6508.57096781 7.79476e-17
6510.75417239 7.56509e-17
6512.93737697 8.91174e-17
6515.12058156 8.43495e-17
6517.30378614 7.58581e-17
6519.48699072 7.43084e-17
6521.67019531 8.10759e-17
6523.85339989 8.10538e-17
6526.03660448 7.42124e-17
6528.21980906 9.3084e-17
6530.40301364 9.67095e-17
6532.58621823 8.20746e-17
6534.76942281 8.67915e-17
6536.95262739 9.61495e-17
6539.13583198 9.22178e-17
6541.31903656 8.08769e-17
6543.50224114 7.99184e-17
6545.68544573 8.52946e-17
6547.86865031 8.18122e-17
6550.05185489 8.25804e-17
6552.23505948 6.72362e-17
6554.41826406 7.03047e-17
6556.60146865 7.27099e-17
6558.78467323 7.34855e-17
6560.96787781 7.18427e-17
6563.1510824 7.73355e-17
6565.33428698 8.36757e-17
6567.51749156 7.41069e-17
6569.70069615 6.87768e-17
6571.88390073 8.13069e-17
6574.06710531 8.87759e-17
6576.2503099 7.14589e-17
6578.43351448 7.34689e-17
6580.61671907 7.04736e-17
6582.79992365 7.24859e-17
6584.98312823 8.60546e-17
6587.16633282 8.83946e-17
6589.3495374 9.28901e-17
6591.53274198 8.62332e-17
6593.71594657 7.7002e-17
6595.89915115 8.95546e-17
6598.08235573 7.92429e-17
6600.26556032 7.21857e-17
6602.4487649 6.98618e-17
6604.63196949 7.63575e-17
6606.81517407 7.62479e-17
6608.99837865 7.19966e-17
6611.18158324 7.65376e-17
6613.36478782 7.16942e-17
6615.5479924 6.92642e-17
6617.73119699 8.05278e-17
6619.91440157 8.84485e-17
6622.09760615 7.67171e-17
6624.28081074 8.2628e-17
6626.46401532 7.92612e-17
6628.64721991 8.38579e-17
6630.83042449 7.8793e-17
6633.01362907 7.20826e-17
6635.19683366 7.21823e-17
6637.38003824 8.01687e-17
6639.56324282 8.12614e-17
6641.74644741 8.15918e-17
6643.92965199 7.22066e-17
6646.11285657 7.32868e-17
6648.29606116 9.0698e-17
6650.47926574 6.60435e-17
6652.66247033 7.56902e-17
6654.84567491 7.9917e-17
6657.02887949 7.80016e-17
6659.21208408 7.47764e-17
6661.39528866 7.35634e-17
6663.57849324 7.24767e-17
6665.76169783 6.11038e-17
6667.94490241 8.30035e-17
6670.12810699 9.03496e-17
6672.31131158 8.23885e-17
6674.49451616 7.59292e-17
6676.67772075 8.43404e-17
6678.86092533 7.36923e-17
6681.04412991 7.10469e-17
6683.2273345 7.5026e-17
6685.41053908 6.67851e-17
6687.59374366 8.28401e-17
6689.77694825 8.5873e-17
6691.96015283 8.32717e-17
6694.14335741 7.6764e-17
6696.326562 8.97605e-17
6698.50976658 9.09374e-17
6700.69297117 7.7019e-17
6702.87617575 6.3283e-17
6705.05938033 6.03013e-17
6707.24258492 5.39983e-17
6709.4257895 7.21928e-17
6711.60899408 7.78341e-17
6713.79219867 8.01609e-17
6715.97540325 8.28349e-17
6718.15860783 8.03881e-17
6720.34181242 7.97386e-17
6722.525017 9.01726e-17
6724.70822159 8.49531e-17
6726.89142617 6.33898e-17
6729.07463075 7.09081e-17
6731.25783534 7.93989e-17
6733.44103992 7.32925e-17
6735.6242445 7.2845e-17
6737.80744909 7.86448e-17
6739.99065367 8.32647e-17
6742.17385825 7.79113e-17
6744.35706284 6.97762e-17
6746.54026742 8.191e-17
6748.723472 6.25543e-17
6750.90667659 7.25326e-17
6753.08988117 6.8191e-17
6755.27308576 8.19863e-17
6757.45629034 7.53445e-17
6759.63949492 6.89716e-17
6761.82269951 7.2038e-17
6764.00590409 7.42127e-17
6766.18910867 7.19662e-17
6768.37231326 7.68361e-17
6770.55551784 7.66908e-17
6772.73872242 6.42635e-17
6774.92192701 7.02521e-17
6777.10513159 7.37852e-17
6779.28833618 6.66987e-17
6781.47154076 7.84843e-17
6783.65474534 7.36282e-17
6785.83794993 7.26404e-17
6788.02115451 8.17265e-17
6790.20435909 6.31523e-17
6792.38756368 6.95231e-17
6794.57076826 7.49081e-17
6796.75397284 6.38775e-17
6798.93717743 7.56172e-17
6801.12038201 7.03279e-17
6803.3035866 6.41473e-17
6805.48679118 6.36615e-17
6807.66999576 7.47442e-17
6809.85320035 7.69062e-17
6812.03640493 8.07317e-17
6814.21960951 7.02957e-17
6816.4028141 6.39152e-17
6818.58601868 6.16357e-17
6820.76922326 6.69254e-17
6822.95242785 6.25043e-17
6825.13563243 7.29644e-17
6827.31883702 8.26741e-17
6829.5020416 7.33704e-17
6831.68524618 7.76262e-17
6833.86845077 8.42113e-17
6836.05165535 7.70353e-17
6838.23485993 6.23955e-17
6840.41806452 5.88075e-17
6842.6012691 7.72143e-17
6844.78447368 8.10531e-17
6846.96767827 7.36002e-17
6849.15088285 6.45588e-17
6851.33408744 6.87283e-17
6853.51729202 7.66622e-17
6855.7004966 8.18493e-17
6857.88370119 7.35994e-17
6860.06690577 6.05497e-17
6862.25011035 6.90722e-17
6864.43331494 7.28788e-17
6866.61651952 8.2447e-17
6868.7997241 9.55165e-17
6870.98292869 7.45686e-17
6873.16613327 6.33529e-17
6875.34933786 6.33397e-17
6877.53254244 6.45392e-17
6879.71574702 7.16261e-17
6881.89895161 6.07418e-17
6884.08215619 8.07265e-17
6886.26536077 7.42581e-17
6888.44856536 6.14542e-17
6890.63176994 7.83508e-17
6892.81497452 7.96137e-17
6894.99817911 7.34384e-17
6897.18138369 6.93709e-17
6899.36458828 6.3011e-17
6901.54779286 6.19053e-17
6903.73099744 7.36299e-17
6905.91420203 7.8565e-17
6908.09740661 7.89908e-17
6910.28061119 7.8731e-17
6912.46381578 7.74684e-17
6914.64702036 6.84483e-17
6916.83022494 6.60252e-17
6919.01342953 5.87336e-17
6921.19663411 5.02308e-17
6923.3798387 6.72834e-17
6925.56304328 7.32569e-17
6927.74624786 7.02137e-17
6929.92945245 7.28986e-17
6932.11265703 6.92477e-17
6934.29586161 7.44536e-17
6936.4790662 6.97113e-17
6938.66227078 5.53931e-17
6940.84547536 6.24743e-17
6943.02867995 7.21432e-17
6945.21188453 7.54522e-17
6947.39508911 6.79465e-17
6949.5782937 6.33783e-17
6951.76149828 6.50105e-17
6953.94470287 6.57433e-17
6956.12790745 5.80086e-17
6958.31111203 6.523e-17
6960.49431662 6.29707e-17
6962.6775212 6.81601e-17
6964.86072578 7.27685e-17
6967.04393037 7.01355e-17
6969.22713495 5.67317e-17
6971.41033953 5.40703e-17
6973.59354412 6.26314e-17
6975.7767487 6.10552e-17
6977.95995329 6.21161e-17
6980.14315787 7.57564e-17
6982.32636245 6.53097e-17
6984.50956704 5.86409e-17
6986.69277162 6.40667e-17
6988.8759762 7.06174e-17
6991.05918079 6.15246e-17
6993.24238537 6.97776e-17
6995.42558995 6.45171e-17
6997.60879454 5.48156e-17
6999.79199912 6.42922e-17
7001.97520371 5.66388e-17
7004.15840829 6.68865e-17
7006.34161287 7.0014e-17
7008.52481746 7.24947e-17
7010.70802204 7.14508e-17
7012.89122662 6.13771e-17
7015.07443121 6.0067e-17
7017.25763579 6.30854e-17
7019.44084037 7.49172e-17
7021.62404496 6.8689e-17
7023.80724954 5.26855e-17
7025.99045413 6.24699e-17
7028.17365871 5.5372e-17
7030.35686329 5.51869e-17
7032.54006788 7.23696e-17
7034.72327246 5.87808e-17
7036.90647704 7.67923e-17
7039.08968163 7.34115e-17
7041.27288621 5.12049e-17
7043.45609079 5.13431e-17
7045.63929538 7.35131e-17
7047.82249996 6.51342e-17
7050.00570455 5.58192e-17
7052.18890913 7.14074e-17
7054.37211371 5.88735e-17
7056.5553183 7.47445e-17
7058.73852288 7.1372e-17
7060.92172746 6.37153e-17
7063.10493205 6.65201e-17
7065.28813663 4.75467e-17
7067.47134121 6.40152e-17
7069.6545458 5.98681e-17
7071.83775038 5.85637e-17
7074.02095497 6.33775e-17
7076.20415955 6.63897e-17
7078.38736413 7.01443e-17
7080.57056872 7.31415e-17
7082.7537733 7.69308e-17
7084.93697788 6.6398e-17
7087.12018247 5.27551e-17
7089.30338705 4.26566e-17
7091.48659163 4.14589e-17
7093.66979622 4.98697e-17
7095.8530008 6.13994e-17
7098.03620539 6.37097e-17
7100.21940997 6.00444e-17
7102.40261455 6.90083e-17
7104.58581914 5.71552e-17
7106.76902372 7.00274e-17
7108.9522283 7.62445e-17
7111.13543289 5.66158e-17
7113.31863747 6.41663e-17
7115.50184205 6.74585e-17
7117.68504664 5.74971e-17
7119.86825122 5.28809e-17
7122.05145581 5.08034e-17
7124.23466039 3.64578e-17
7126.41786497 6.63714e-17
7128.60106956 6.14754e-17
7130.78427414 6.85342e-17
7132.96747872 6.14223e-17
7135.15068331 5.67223e-17
7137.33388789 4.97109e-17
7139.51709247 6.414e-17
7141.70029706 6.59232e-17
7143.88350164 5.52197e-17
7146.06670622 4.51502e-17
7148.24991081 6.03526e-17
7150.43311539 6.4748e-17
7152.61631998 6.09395e-17
7154.79952456 6.57908e-17
7156.98272914 7.25177e-17
7159.16593373 3.73907e-17
7161.34913831 4.66839e-17
7163.53234289 7.32804e-17
7165.71554748 6.73273e-17
7167.89875206 7.2533e-17
7170.08195664 7.12402e-17
7172.26516123 6.34351e-17
7174.44836581 7.52884e-17
7176.6315704 7.76673e-17
7178.81477498 6.88153e-17
7180.99797956 4.99558e-17
7183.18118415 4.17691e-17
7185.36438873 5.61855e-17
7187.54759331 6.04438e-17
7189.7307979 6.20685e-17
7191.91400248 4.90126e-17
7194.09720706 5.47364e-17
7196.28041165 7.54759e-17
7198.46361623 6.0247e-17
7200.64682082 5.59219e-17
7202.8300254 5.07044e-17
7205.01322998 3.64948e-17
7207.19643457 6.21767e-17
7209.37963915 7.34504e-17
7211.56284373 5.35084e-17
7213.74604832 4.50171e-17
7215.9292529 4.03092e-17
7218.11245748 4.72683e-17
7220.29566207 5.85443e-17
7222.47886665 5.92789e-17
7224.66207124 5.63053e-17
7226.84527582 5.04203e-17
7229.0284804 5.55755e-17
7231.21168499 6.51084e-17
7233.39488957 5.88649e-17
7235.57809415 5.86017e-17
7237.76129874 6.53783e-17
7239.94450332 6.0291e-17
7242.1277079 5.46515e-17
7244.31091249 5.62069e-17
7246.49411707 5.43381e-17
7248.67732166 6.00669e-17
7250.86052624 6.05489e-17
7253.04373082 6.05148e-17
7255.22693541 5.289e-17
7257.41013999 4.702e-17
7259.59334457 5.75536e-17
7261.77654916 6.16799e-17
7263.95975374 7.32452e-17
7266.14295832 6.66323e-17
7268.32616291 4.77062e-17
7270.50936749 4.62284e-17
7272.69257208 6.51946e-17
7274.87577666 7.02881e-17
7277.05898124 4.2388e-17
7279.24218583 5.4731e-17
7281.42539041 6.48199e-17
7283.60859499 5.56347e-17
7285.79179958 5.65004e-17
7287.97500416 6.48558e-17
7290.15820874 6.70272e-17
7292.34141333 7.41079e-17
7294.52461791 7.36462e-17
7296.7078225 5.48895e-17
7298.89102708 4.3026e-17
7301.07423166 4.70813e-17
7303.25743625 5.74613e-17
7305.44064083 7.694e-17
7307.62384541 5.02361e-17
7309.80705 3.87254e-17
7311.99025458 5.03721e-17
7314.17345916 5.27761e-17
7316.35666375 5.37192e-17
7318.53986833 6.49223e-17
7320.72307292 5.67563e-17
7322.9062775 4.01521e-17
7325.08948208 4.64371e-17
7327.27268667 6.72533e-17
7329.45589125 8.14486e-17
7331.63909583 6.00398e-17
7333.82230042 5.12889e-17
7336.005505 5.67177e-17
7338.18870958 5.16231e-17
7340.37191417 6.06934e-17
7342.55511875 7.00617e-17
7344.73832334 5.35454e-17
7346.92152792 6.18848e-17
7349.1047325 4.51228e-17
7351.28793709 5.27011e-17
7353.47114167 6.40155e-17
7355.65434625 5.64178e-17
7357.83755084 4.23332e-17
7360.02075542 3.50611e-17
7362.20396 5.72351e-17
7364.38716459 5.69754e-17
7366.57036917 4.61667e-17
7368.75357375 4.6511e-17
7370.93677834 5.59582e-17
7373.11998292 8.03965e-17
7375.30318751 8.13978e-17
7377.48639209 5.59927e-17
7379.66959667 6.89693e-17
7381.85280126 6.97257e-17
7384.03600584 4.41444e-17
7386.21921042 5.46029e-17
7388.40241501 6.89267e-17
7390.58561959 6.10345e-17
7392.76882417 4.3442e-17
7394.95202876 4.9107e-17
7397.13523334 6.95918e-17
7399.31843793 5.24188e-17
7401.50164251 5.8629e-17
7403.68484709 8.07737e-17
7405.86805168 6.14017e-17
7408.05125626 4.75942e-17
7410.23446084 6.2404e-17
7412.41766543 7.68818e-17
7414.60087001 7.5545e-17
7416.78407459 6.68769e-17
7418.96727918 7.02281e-17
7421.15048376 6.59437e-17
7423.33368835 4.96821e-17
7425.51689293 4.8067e-17
7427.70009751 5.44239e-17
7429.8833021 5.90318e-17
7432.06650668 6.4348e-17
7434.24971126 6.29072e-17
7436.43291585 5.97386e-17
7438.61612043 6.25883e-17
7440.79932501 6.71873e-17
7442.9825296 5.26819e-17
7445.16573418 5.0561e-17
7447.34893877 7.42416e-17
7449.53214335 7.67452e-17
7451.71534793 6.5983e-17
7453.89855252 5.52834e-17
7456.0817571 5.19221e-17
7458.26496168 5.29977e-17
7460.44816627 5.57793e-17
7462.63137085 5.36429e-17
7464.81457543 5.66722e-17
7466.99778002 5.00046e-17
7469.1809846 6.92318e-17
7471.36418919 5.89214e-17
7473.54739377 5.9284e-17
7475.73059835 5.55687e-17
7477.91380294 4.76499e-17
7480.09700752 5.09853e-17
7482.2802121 6.24688e-17
7484.46341669 6.25929e-17
7486.64662127 5.11994e-17
7488.82982585 5.06472e-17
7491.01303044 4.93165e-17
7493.19623502 5.54694e-17
7495.37943961 5.7813e-17
7497.56264419 6.48525e-17
7499.74584877 5.88663e-17
7501.92905336 3.93107e-17
7504.11225794 6.21682e-17
7506.29546252 5.50589e-17
7508.47866711 5.54594e-17
7510.66187169 6.40491e-17
7512.84507627 6.62884e-17
7515.02828086 7.28908e-17
7517.21148544 4.47795e-17
7519.39469003 4.0457e-17
7521.57789461 5.29826e-17
7523.76109919 5.55535e-17
7525.94430378 6.50802e-17
7528.12750836 7.8463e-17
7530.31071294 6.27105e-17
7532.49391753 5.50565e-17
7534.67712211 3.81062e-17
7536.86032669 5.3243e-17
7539.04353128 7.29862e-17
7541.22673586 5.47337e-17
7543.40994045 3.9827e-17
7545.59314503 4.82289e-17
7547.77634961 5.79676e-17
7549.9595542 5.69094e-17
7552.14275878 6.62107e-17
7554.32596336 5.88866e-17
7556.50916795 6.49759e-17
7558.69237253 7.12444e-17
7560.87557711 7.56066e-17
7563.0587817 9.94964e-17
7565.24198628 6.96894e-17
7567.42519086 5.48097e-17
7569.60839545 5.84514e-17
7571.79160003 3.66553e-17
7573.97480462 3.7768e-17
7576.1580092 6.60765e-17
7578.34121378 7.47182e-17
7580.52441837 6.64223e-17
7582.70762295 5.93439e-17
7584.89082753 3.42168e-17
7587.07403212 3.78618e-17
7589.2572367 5.4778e-17
7591.44044128 -7.2029e-18
7593.62364587 5.33681e-17
7595.80685045 5.5973e-17
7597.99005504 2.47763e-17
7600.17325962 8.22788e-17
7602.3564642 5.88163e-17
7604.53966879 5.45691e-17
7606.72287337 7.16081e-17
7608.90607795 7.19365e-17
7611.08928254 5.56227e-17
7613.27248712 4.98738e-17
7615.4556917 5.53786e-17
7617.63889629 4.16934e-17
7619.82210087 4.84373e-17
7622.00530546 8.69749e-17
7624.18851004 1.10149e-16
7626.37171462 5.17758e-17
7628.55491921 3.33001e-17
7630.73812379 4.80779e-17
7632.92132837 5.81197e-17
7635.10453296 5.77007e-17
7637.28773754 4.93268e-17
7639.47094212 8.96466e-17
7641.65414671 8.85305e-17
7643.83735129 6.56754e-17
7646.02055588 6.26547e-17
7648.20376046 5.87927e-17
7650.38696504 5.91219e-17
7652.57016963 6.68709e-17
7654.75337421 6.54344e-17
7656.93657879 6.1707e-17
7659.11978338 5.72706e-17
7661.30298796 7.89721e-17
7663.48619254 6.93841e-17
7665.66939713 6.25677e-17
7667.85260171 5.26305e-17
7670.0358063 6.22139e-17
7672.21901088 6.32289e-17
7674.40221546 6.02304e-17
7676.58542005 4.50152e-17
7678.76862463 5.57819e-17
7680.95182921 4.35432e-17
7683.1350338 4.95908e-17
7685.31823838 6.34885e-17
7687.50144296 5.84278e-17
7689.68464755 3.55069e-17
7691.86785213 5.43344e-17
7694.05105672 6.02984e-17
7696.2342613 5.14525e-17
7698.41746588 2.95705e-17
7700.60067047 4.79851e-17
7702.78387505 6.28112e-17
7704.96707963 2.6483e-17
7707.15028422 5.56846e-17
7709.3334888 4.67189e-17
7711.51669338 6.27842e-17
7713.69989797 6.14675e-17
7715.88310255 6.62008e-17
7718.06630714 6.84786e-17
7720.24951172 5.37202e-17
